tests/air_flow.ecsv
# %ECSV 1.0
# ---
# datatype:
# - {name: speed, datatype: float64}
# - {name: private_sndStamp, datatype: float64}
# schema: astropy-2.0
speed private_sndStamp
[from data line 892]
0.7505999803543091 1745530302.2191615
0.9174000024795532 1745530303.4992762
0.7505999803543091 1745530304.7792835
0.9174000024795532 1745530306.0591974
1.0842000246047974 1745530307.3393855
1.0842000246047974 1745530308.6178186
0.9174000024795532 1745530309.8993633
1.0842000246047974 1745530311.179543
0.9174000024795532 1745530312.4594033
0.9174000024795532 1745530313.7391388
0.9174000024795532 1745530315.019093
0.7505999803543091 1745530316.2979698
0.4169999957084656 1745530317.5780652
0.2502000033855438 1745530318.8581781
0.08340000361204147 1745530320.137941
0.0 1745530321.4174962
0.0 1745530322.6978154
0.0 1745530323.9778666
0.0 1745530325.2582612
0.0 1745530326.5377
0.0 1745530327.817958
0.0 1745530329.0980048
0.0 1745530330.3783407
0.0 1745530331.65789
0.0 1745530332.9375234
0.0 1745530334.2176466
0.0 1745530335.4980202
0.0 1745530336.7773223
0.0 1745530338.0580204
0.08340000361204147 1745530339.3379545
0.2502000033855438 1745530340.617071
0.4169999957084656 1745530341.8968318
0.4169999957084656 1745530343.1770995
0.4169999957084656 1745530344.4575284
0.4169999957084656 1745530345.736774
0.2502000033855438 1745530347.0167718
0.2502000033855438 1745530348.2971647
0.08340000361204147 1745530349.5764802
0.08340000361204147 1745530350.8568
0.2502000033855438 1745530352.13674
0.08340000361204147 1745530353.4167871
0.2502000033855438 1745530354.6968076
0.08340000361204147 1745530355.976607
0.2502000033855438 1745530357.2565944
0.2502000033855438 1745530358.536888
0.2502000033855438 1745530359.8171518
0.2502000033855438 1745530361.0966318
0.2502000033855438 1745530362.3771522
0.2502000033855438 1745530363.6569233
0.08340000361204147 1745530364.9369164
0.08340000361204147 1745530366.2161922
0.0 1745530367.495821
0.2502000033855438 1745530368.7768567
0.0 1745530370.0564744
0.0 1745530371.3355963
0.0 1745530372.6152093
0.0 1745530373.8952954
0.0 1745530375.1751792
0.0 1745530376.4559858
0.0 1745530377.7354345
0.0 1745530379.0155036
0.08340000361204147 1745530380.2950819
0.2502000033855438 1745530381.5757496
0.2502000033855438 1745530382.8552744
0.2502000033855438 1745530384.1351926
0.2502000033855438 1745530385.4155958
0.2502000033855438 1745530386.6945088
0.2502000033855438 1745530387.9748566
0.0 1745530389.2554579
0.08340000361204147 1745530390.534914
0.0 1745530391.815171
0.0 1745530393.0957708
0.0 1745530394.3744714
0.0 1745530395.655426
0.0 1745530396.9348385
0.0 1745530398.2146084
0.0 1745530399.4950547
0.0 1745530400.7748291
0.2502000033855438 1745530402.0550387
0.4169999957084656 1745530403.3346865
0.2502000033855438 1745530404.614046
0.2502000033855438 1745530405.8945088
0.2502000033855438 1745530407.174565
0.2502000033855438 1745530408.454493
0.2502000033855438 1745530409.7345684
0.2502000033855438 1745530411.0145638
0.2502000033855438 1745530412.2944858
0.2502000033855438 1745530413.5745633
0.16680000722408295 1745530414.8542366
0.0 1745530416.1340082
0.0 1745530417.4142873
0.0 1745530418.693977
0.0 1745530419.9743395
0.0 1745530421.253887
0.0 1745530422.5341992
0.0 1745530423.8138587
0.0 1745530425.0940022
0.0 1745530426.3739326
0.0 1745530427.6539233
0.0 1745530428.9336014
0.0 1745530430.2135732
0.0 1745530431.493654
0.0 1745530432.7732713
0.0 1745530434.0533812
0.0 1745530435.3333805
0.0 1745530436.613692
0.0 1745530437.893579
0.0 1745530439.1729078
0.0 1745530440.453854
0.0 1745530441.7324307
0.0 1745530443.0123315
0.0 1745530444.2921333
0.0 1745530445.5717926
0.0 1745530446.8522484
0.0 1745530448.1324518
0.0 1745530449.411846
0.0 1745530450.6919386
0.0 1745530451.9719887
0.0 1745530453.2517087
0.0 1745530454.532171
0.0 1745530455.8116715
0.0 1745530457.09221
0.0 1745530458.3717134
0.0 1745530459.6522756
0.0 1745530460.931059
0.0 1745530462.2116737
0.0 1745530463.4914312
0.0 1745530464.7713916
0.0 1745530466.0521176
0.0 1745530467.3311844
0.0 1745530468.6110916
0.0 1745530469.8912587
0.0 1745530471.1718194
0.0 1745530472.4508119
0.0 1745530473.731489
0.0 1745530475.0112436
0.0 1745530476.2919402
0.0 1745530477.5711896
0.0 1745530478.8514206
0.0 1745530480.130304
0.0 1745530481.4104414
0.0 1745530482.6903794
0.0 1745530483.9701695
0.0 1745530485.2501557
0.0 1745530486.530892
0.0 1745530487.8104143
0.0 1745530489.0903242
0.0 1745530490.3703203
0.0 1745530491.650423
0.0 1745530492.930287
0.0 1745530494.210996
0.0 1745530495.4909294
0.0 1745530496.7704477
0.0 1745530498.050351
0.2502000033855438 1745530499.330364
0.7505999803543091 1745530500.610466
1.2510000467300415 1745530501.8911264
1.2510000467300415 1745530503.1714518
1.0842000246047974 1745530504.4511526
1.0842000246047974 1745530505.7306437
1.0842000246047974 1745530507.0112255
0.9174000024795532 1745530508.2900205
1.0842000246047974 1745530509.5703611
0.9174000024795532 1745530510.8497472
1.2510000467300415 1745530512.1297066
1.0842000246047974 1745530513.4104722
1.0842000246047974 1745530514.69043
0.7505999803543091 1745530515.9705567
0.9174000024795532 1745530517.249517
0.9174000024795532 1745530518.5304778
0.9174000024795532 1745530519.8097157
1.0842000246047974 1745530521.089883
0.9174000024795532 1745530522.3699791
1.0842000246047974 1745530523.6499853
1.0842000246047974 1745530524.9308047
1.0842000246047974 1745530526.209622
0.7505999803543091 1745530527.4905005
0.9174000024795532 1745530528.7694767
1.0842000246047974 1745530530.0499105
1.0842000246047974 1745530531.330051
1.0842000246047974 1745530532.6095178
1.0842000246047974 1745530533.889524
1.0842000246047974 1745530535.1697605
1.2510000467300415 1745530536.4497397
1.2510000467300415 1745530537.7292967
1.5845999717712402 1745530539.01005
1.417799949645996 1745530540.289202
1.2510000467300415 1745530541.5689971
1.3344000577926636 1745530542.8505366
1.0842000246047974 1745530544.1292145
1.0842000246047974 1745530545.4087613
0.9174000024795532 1745530546.6893582
0.5838000178337097 1745530547.969496
0.4169999957084656 1745530549.2495043
0.5838000178337097 1745530550.5288906
0.5838000178337097 1745530551.8091018
1.0842000246047974 1745530553.089108
0.9174000024795532 1745530554.3691285
1.0842000246047974 1745530555.6489062
1.2510000467300415 1745530556.9288445
1.2510000467300415 1745530558.2090478
1.2510000467300415 1745530559.488384
1.0842000246047974 1745530560.768769
1.2510000467300415 1745530562.04863
1.417799949645996 1745530563.3280292
1.417799949645996 1745530564.6080606
1.417799949645996 1745530565.8883665
1.417799949645996 1745530567.1680636
1.5845999717712402 1745530568.448312
1.0842000246047974 1745530569.7281058
0.7505999803543091 1745530571.0081568
0.9174000024795532 1745530572.287473
0.9174000024795532 1745530573.5675626
0.8339999914169312 1745530574.8484795
0.4169999957084656 1745530576.1279786
0.4169999957084656 1745530577.4076242
0.2502000033855438 1745530578.6870544
0.2502000033855438 1745530579.967663
0.0 1745530581.2470894
0.0 1745530582.5272481
0.0 1745530583.8075476
0.9174000024795532 1745530585.0877943
0.9174000024795532 1745530586.3684652
0.7505999803543091 1745530587.6478534
0.9174000024795532 1745530588.928013
0.9174000024795532 1745530590.2070377
0.7505999803543091 1745530591.4876604
0.5838000178337097 1745530592.7671986
0.7505999803543091 1745530594.0472126
0.7505999803543091 1745530595.3276281
0.7505999803543091 1745530596.6069868
0.7505999803543091 1745530597.8875282
1.2510000467300415 1745530599.1673303
1.2510000467300415 1745530600.4464016
1.417799949645996 1745530601.7265613
1.0842000246047974 1745530603.0070271
0.9174000024795532 1745530604.2864494
0.9174000024795532 1745530605.5662966
0.8339999914169312 1745530606.8463948
1.0842000246047974 1745530608.1256948
1.0842000246047974 1745530609.406642
1.2510000467300415 1745530610.6865704
1.2510000467300415 1745530611.966115
1.0842000246047974 1745530613.2471046
1.2510000467300415 1745530614.5266316
1.2510000467300415 1745530615.806477
1.2510000467300415 1745530617.0864723
1.0842000246047974 1745530618.366533
1.0842000246047974 1745530619.6460857
0.9174000024795532 1745530620.926533
0.5838000178337097 1745530622.2065372
0.4169999957084656 1745530623.4861848
0.4169999957084656 1745530624.76588
0.2502000033855438 1745530626.045894
0.5838000178337097 1745530627.326281
0.7505999803543091 1745530628.6053755
1.2510000467300415 1745530629.885606
1.417799949645996 1745530631.1659465
1.7513999938964844 1745530632.4454687
1.9182000160217285 1745530633.7255218
2.0850000381469727 1745530635.005619
2.0850000381469727 1745530636.2859952
2.251800060272217 1745530637.5655222
2.0850000381469727 1745530638.8453221
1.9182000160217285 1745530640.1254015
1.7513999938964844 1745530641.4047394
1.7513999938964844 1745530642.6854293
1.5845999717712402 1745530643.9655182
1.417799949645996 1745530645.245499
1.417799949645996 1745530646.5253043
1.417799949645996 1745530647.8045251
1.417799949645996 1745530649.0849507
1.0842000246047974 1745530650.365124
0.7505999803543091 1745530651.6451507
0.5838000178337097 1745530652.9249237
0.2502000033855438 1745530654.2050169
0.2502000033855438 1745530655.4847035
0.4169999957084656 1745530656.7645879
0.7505999803543091 1745530658.0444107
1.2510000467300415 1745530659.325115
1.5845999717712402 1745530660.6046221
1.5845999717712402 1745530661.8850443
1.5845999717712402 1745530663.165284
1.5845999717712402 1745530664.4446776
1.9182000160217285 1745530665.7247105
2.0850000381469727 1745530667.0048745
2.0850000381469727 1745530668.284417
2.0850000381469727 1745530669.5648472
2.0850000381469727 1745530670.8445973
2.251800060272217 1745530672.124696
2.585400104522705 1745530673.4049838
2.418600082397461 1745530674.6847339
1.9182000160217285 1745530675.9640195
1.9182000160217285 1745530677.2439358
1.7513999938964844 1745530678.5239027
1.7513999938964844 1745530679.8049572
2.585400104522705 1745530681.0844202
2.585400104522705 1745530682.3643243
2.418600082397461 1745530683.6446507
2.251800060272217 1745530684.9244592
1.9182000160217285 1745530686.203708
1.5845999717712402 1745530687.4845352
1.5845999717712402 1745530688.764695
1.5845999717712402 1745530690.0441582
1.7513999938964844 1745530691.323849
1.9182000160217285 1745530692.6035185
2.251800060272217 1745530693.8839188
2.418600082397461 1745530695.1639678
2.585400104522705 1745530696.4436214
2.418600082397461 1745530697.7237911
2.585400104522705 1745530699.003521
2.251800060272217 1745530700.2836952
2.251800060272217 1745530701.5631044
2.1684000492095947 1745530702.8431613
2.0850000381469727 1745530704.1231806
2.0850000381469727 1745530705.4031126
2.0850000381469727 1745530706.683046
2.0850000381469727 1745530707.9638162
2.0850000381469727 1745530709.2431757
1.7513999938964844 1745530710.5231764
2.0850000381469727 1745530711.8030524
2.0850000381469727 1745530713.0831769
2.0850000381469727 1745530714.363081
2.0850000381469727 1745530715.6432247
1.7513999938964844 1745530716.9230258
1.7513999938964844 1745530718.203253
1.5845999717712402 1745530719.483443
1.5845999717712402 1745530720.7632565
1.9182000160217285 1745530722.0429647
1.9182000160217285 1745530723.3232977
2.0850000381469727 1745530724.6030722
2.0850000381469727 1745530725.8832712
2.0850000381469727 1745530727.163033
2.0850000381469727 1745530728.4421203
2.0850000381469727 1745530729.7231078
2.418600082397461 1745530731.0033169
2.418600082397461 1745530732.2834718
2.418600082397461 1745530733.5623176
2.335200071334839 1745530734.8434198
2.418600082397461 1745530736.1231532
2.418600082397461 1745530737.4020483
2.418600082397461 1745530738.683368
2.418600082397461 1745530739.9634142
2.75219988822937 1745530741.2421753
2.75219988822937 1745530742.522097
2.9189999103546143 1745530743.802321
2.585400104522705 1745530745.081665
2.418600082397461 1745530746.3618364
1.9182000160217285 1745530747.641998
2.0850000381469727 1745530748.921503
1.9182000160217285 1745530750.2020936
1.9182000160217285 1745530751.4818246
1.7513999938964844 1745530752.762076
1.5845999717712402 1745530754.0416572
1.5845999717712402 1745530755.3216422
1.5845999717712402 1745530756.6016567
1.7513999938964844 1745530757.881208
1.5845999717712402 1745530759.1613748
1.417799949645996 1745530760.4410887
1.5845999717712402 1745530761.7214787
1.417799949645996 1745530763.0008702
1.5845999717712402 1745530764.2812068
1.417799949645996 1745530765.56102
1.2510000467300415 1745530766.8406312
1.0842000246047974 1745530768.1210887
0.9174000024795532 1745530769.4011123
0.9174000024795532 1745530770.6806815
0.9174000024795532 1745530771.9603467
1.0842000246047974 1745530773.2406418
1.2510000467300415 1745530774.5206738
1.9182000160217285 1745530775.8007333
2.251800060272217 1745530777.080775
2.251800060272217 1745530778.360357
2.251800060272217 1745530779.640242
2.0850000381469727 1745530780.9202988
2.0850000381469727 1745530782.2011673
1.7513999938964844 1745530783.480294
1.7513999938964844 1745530784.7596974
1.417799949645996 1745530786.0404341
1.5845999717712402 1745530787.320155
1.5845999717712402 1745530788.5995653
2.0850000381469727 1745530789.8799543
1.9182000160217285 1745530791.160155
2.251800060272217 1745530792.4402888
2.251800060272217 1745530793.7204607
2.585400104522705 1745530795.00038
2.585400104522705 1745530796.2793176
2.585400104522705 1745530797.5596185
2.418600082397461 1745530798.8396137
2.251800060272217 1745530800.1198575
2.0850000381469727 1745530801.3995836
2.0850000381469727 1745530802.6793633
1.7513999938964844 1745530803.9592204
1.5845999717712402 1745530805.2392468
1.5845999717712402 1745530806.519376
1.0842000246047974 1745530807.7994213
