tests/air_flow.ecsv
# %ECSV 1.0
# ---
# datatype:
# - {name: speed, datatype: float64}
# - {name: private_sndStamp, datatype: float64}
# schema: astropy-2.0
speed private_sndStamp
[from data line 430]
0.2502000033855438 1745529710.8826783
0.08340000361204147 1745529712.1621718
0.0 1745529713.4417706
0.08340000361204147 1745529714.721906
0.0 1745529716.002077
0.2502000033855438 1745529717.2819607
0.08340000361204147 1745529718.5621932
0.4169999957084656 1745529719.84216
0.7505999803543091 1745529721.122695
0.7505999803543091 1745529722.4020705
0.5838000178337097 1745529723.6819582
0.7505999803543091 1745529724.9620342
0.9174000024795532 1745529726.2418604
1.0842000246047974 1745529727.5223644
1.417799949645996 1745529728.8016355
1.417799949645996 1745529730.0824358
1.2510000467300415 1745529731.361972
1.417799949645996 1745529732.6419828
1.2510000467300415 1745529733.9216368
1.0842000246047974 1745529735.201801
1.0842000246047974 1745529736.481553
1.0842000246047974 1745529737.7618568
0.9174000024795532 1745529739.041793
0.7505999803543091 1745529740.32088
0.7505999803543091 1745529741.6014059
0.5838000178337097 1745529742.8813288
0.5838000178337097 1745529744.161673
0.5838000178337097 1745529745.4415267
0.5838000178337097 1745529746.7215266
0.5838000178337097 1745529748.0010087
0.5838000178337097 1745529749.2806718
0.7505999803543091 1745529750.5609002
0.7505999803543091 1745529751.8409896
0.7505999803543091 1745529753.1212106
0.5838000178337097 1745529754.4004524
0.5838000178337097 1745529755.681393
0.7505999803543091 1745529756.9612055
0.5838000178337097 1745529758.240766
0.9174000024795532 1745529759.520742
0.7505999803543091 1745529760.8000574
0.7505999803543091 1745529762.080253
0.9174000024795532 1745529763.3600876
0.7505999803543091 1745529764.640312
0.5838000178337097 1745529765.9204872
0.4169999957084656 1745529767.200085
0.5838000178337097 1745529768.4805202
0.4169999957084656 1745529769.760598
0.5838000178337097 1745529771.0406384
0.4169999957084656 1745529772.3203683
0.5838000178337097 1745529773.6001866
0.5004000067710876 1745529774.8797855
0.5838000178337097 1745529776.1602743
0.7505999803543091 1745529777.4403965
0.7505999803543091 1745529778.7204459
0.7505999803543091 1745529780.0006597
0.9174000024795532 1745529781.2800426
1.0842000246047974 1745529782.5603106
0.9174000024795532 1745529783.8402588
1.0842000246047974 1745529785.119798
0.9174000024795532 1745529786.399969
0.9174000024795532 1745529787.6800876
0.9174000024795532 1745529788.9594944
0.9174000024795532 1745529790.239254
1.0842000246047974 1745529791.5191636
0.9174000024795532 1745529792.799581
0.9174000024795532 1745529794.0792468
0.9174000024795532 1745529795.3591616
0.9174000024795532 1745529796.6389327
0.9174000024795532 1745529797.9184358
1.0842000246047974 1745529799.198909
0.9174000024795532 1745529800.4786553
0.9174000024795532 1745529801.7592862
0.9174000024795532 1745529803.0394268
0.9174000024795532 1745529804.318411
0.9174000024795532 1745529805.5989873
0.9174000024795532 1745529806.8792202
0.9174000024795532 1745529808.159258
0.9174000024795532 1745529809.4390407
1.0842000246047974 1745529810.7192194
1.0842000246047974 1745529811.998832
1.0842000246047974 1745529813.2790952
1.0842000246047974 1745529814.5592043
0.9174000024795532 1745529815.8394463
1.0842000246047974 1745529817.1186182
0.9174000024795532 1745529818.3993387
1.0842000246047974 1745529819.6785507
0.9174000024795532 1745529820.9589214
1.0842000246047974 1745529822.2389932
1.2510000467300415 1745529823.5187426
1.0842000246047974 1745529824.7985733
1.0842000246047974 1745529826.0785785
0.9174000024795532 1745529827.358356
0.9174000024795532 1745529828.63825
0.9174000024795532 1745529829.9185224
0.9174000024795532 1745529831.1980386
0.7505999803543091 1745529832.4781117
0.9174000024795532 1745529833.7582123
0.9174000024795532 1745529835.0386598
0.7505999803543091 1745529836.317859
0.9174000024795532 1745529837.5980964
0.8339999914169312 1745529838.8782802
0.7505999803543091 1745529840.1579301
0.9174000024795532 1745529841.4382563
0.7505999803543091 1745529842.717918
0.7505999803543091 1745529843.997989
0.5838000178337097 1745529845.2776492
0.7505999803543091 1745529846.5575838
0.5838000178337097 1745529847.8377318
0.5838000178337097 1745529849.1176398
0.5838000178337097 1745529850.3971856
0.5838000178337097 1745529851.6773636
0.4169999957084656 1745529852.957137
0.5838000178337097 1745529854.2374587
0.5838000178337097 1745529855.5177124
0.5838000178337097 1745529856.7975118
0.5838000178337097 1745529858.0774052
0.7505999803543091 1745529859.3567681
0.9174000024795532 1745529860.6374443
0.7505999803543091 1745529861.916785
0.7505999803543091 1745529863.1973662
0.5838000178337097 1745529864.477333
0.7505999803543091 1745529865.757139
0.5838000178337097 1745529867.0369637
0.4169999957084656 1745529868.3168504
0.4169999957084656 1745529869.596715
0.2502000033855438 1745529870.876975
0.2502000033855438 1745529872.1573431
0.2502000033855438 1745529873.4364913
0.2502000033855438 1745529874.7165117
0.5838000178337097 1745529875.996539
0.4169999957084656 1745529877.276174
0.4169999957084656 1745529878.5556166
0.4169999957084656 1745529879.8363025
0.2502000033855438 1745529881.1155913
0.08340000361204147 1745529882.396193
0.2502000033855438 1745529883.67547
0.2502000033855438 1745529884.9554188
0.2502000033855438 1745529886.2355058
0.5838000178337097 1745529887.515732
0.4169999957084656 1745529888.7955785
0.4169999957084656 1745529890.075475
0.4169999957084656 1745529891.3556085
0.2502000033855438 1745529892.6354263
0.08340000361204147 1745529893.9156156
0.4169999957084656 1745529895.1955063
0.4169999957084656 1745529896.4758708
0.4169999957084656 1745529897.7557561
0.4169999957084656 1745529899.0356278
0.4169999957084656 1745529900.3155468
0.5838000178337097 1745529901.5955627
0.4169999957084656 1745529902.875928
0.4169999957084656 1745529904.1559393
0.5838000178337097 1745529905.4356875
0.4169999957084656 1745529906.71563
0.4169999957084656 1745529907.9954457
0.08340000361204147 1745529909.275638
0.2502000033855438 1745529910.5544524
0.08340000361204147 1745529911.8357835
0.4169999957084656 1745529913.1147077
0.5838000178337097 1745529914.3959205
0.5838000178337097 1745529915.675775
0.5838000178337097 1745529916.9557111
0.4169999957084656 1745529918.2346923
0.5838000178337097 1745529919.5147007
0.4169999957084656 1745529920.7940824
0.2502000033855438 1745529922.0747542
0.4169999957084656 1745529923.3546517
0.4169999957084656 1745529924.6345184
0.4169999957084656 1745529925.9145126
0.5838000178337097 1745529927.1939476
0.5838000178337097 1745529928.474813
0.5838000178337097 1745529929.7540035
0.5838000178337097 1745529931.0337749
0.5838000178337097 1745529932.3141065
0.5838000178337097 1745529933.5938132
0.4169999957084656 1745529934.8737698
0.4169999957084656 1745529936.1534631
0.4169999957084656 1745529937.433646
0.4169999957084656 1745529938.7136762
0.4169999957084656 1745529939.9934645
0.2502000033855438 1745529941.2736883
0.4169999957084656 1745529942.5535083
0.2502000033855438 1745529943.833696
0.2502000033855438 1745529945.1136315
0.2502000033855438 1745529946.393717
0.2502000033855438 1745529947.6734877
0.08340000361204147 1745529948.9534874
0.2502000033855438 1745529950.2335868
0.08340000361204147 1745529951.5137303
0.08340000361204147 1745529952.7934659
0.5838000178337097 1745529954.0731902
0.7505999803543091 1745529955.3537807
1.0842000246047974 1745529956.6336234
0.9174000024795532 1745529957.9133995
1.0842000246047974 1745529959.1934204
0.9174000024795532 1745529960.4735203
0.9174000024795532 1745529961.7532997
0.9174000024795532 1745529963.033137
0.7505999803543091 1745529964.3130634
0.9174000024795532 1745529965.5928845
0.7505999803543091 1745529966.8727043
0.9174000024795532 1745529968.1523254
0.7505999803543091 1745529969.4328637
0.7505999803543091 1745529970.7120457
0.9174000024795532 1745529971.9922795
1.0842000246047974 1745529973.2720885
0.9174000024795532 1745529974.5527532
1.0842000246047974 1745529975.8320956
0.9174000024795532 1745529977.1120927
1.0842000246047974 1745529978.3926375
0.9174000024795532 1745529979.6717715
1.0842000246047974 1745529980.95208
0.9174000024795532 1745529982.2313952
0.9174000024795532 1745529983.512293
0.9174000024795532 1745529984.7924423
0.9174000024795532 1745529986.071858
0.7505999803543091 1745529987.3522675
0.7505999803543091 1745529988.6309526
0.7505999803543091 1745529989.9123902
0.9174000024795532 1745529991.1922588
0.7505999803543091 1745529992.4715126
0.9174000024795532 1745529993.7514658
0.7505999803543091 1745529995.0318522
0.9174000024795532 1745529996.3108203
0.5838000178337097 1745529997.5910397
0.5838000178337097 1745529998.8715749
0.4169999957084656 1745530000.1511757
0.5838000178337097 1745530001.4310772
0.4169999957084656 1745530002.7110455
0.4169999957084656 1745530003.9915087
0.2502000033855438 1745530005.2709622
0.4169999957084656 1745530006.5510159
0.4169999957084656 1745530007.8308265
0.4169999957084656 1745530009.11146
0.4169999957084656 1745530010.390988
0.4169999957084656 1745530011.6711037
0.5838000178337097 1745530012.950879
0.4169999957084656 1745530014.230607
0.5838000178337097 1745530015.511241
0.4169999957084656 1745530016.7898035
0.4169999957084656 1745530018.07008
0.2502000033855438 1745530019.3498068
0.4169999957084656 1745530020.6297717
0.2502000033855438 1745530021.9104176
0.2502000033855438 1745530023.1893938
0.2502000033855438 1745530024.470255
0.2502000033855438 1745530025.7499301
0.2502000033855438 1745530027.0301847
0.2502000033855438 1745530028.3096893
0.2502000033855438 1745530029.5896559
0.16680000722408295 1745530030.8699136
0.2502000033855438 1745530032.149929
0.2502000033855438 1745530033.4295256
0.2502000033855438 1745530034.7094767
0.2502000033855438 1745530035.9897857
0.2502000033855438 1745530037.2695384
0.2502000033855438 1745530038.5497327
0.4169999957084656 1745530039.829573
0.4169999957084656 1745530041.1100953
0.2502000033855438 1745530042.389175
0.2502000033855438 1745530043.669129
0.2502000033855438 1745530044.9488518
0.2502000033855438 1745530046.2293942
0.4169999957084656 1745530047.5087092
0.2502000033855438 1745530048.7896156
0.4169999957084656 1745530050.069169
0.4169999957084656 1745530051.3489096
0.4169999957084656 1745530052.6290233
0.4169999957084656 1745530053.9093852
0.7505999803543091 1745530055.189154
1.0842000246047974 1745530056.4693007
1.0842000246047974 1745530057.749215
1.2510000467300415 1745530059.0292833
1.0842000246047974 1745530060.3087869
1.0842000246047974 1745530061.588773
1.0842000246047974 1745530062.8683739
1.0842000246047974 1745530064.1487613
0.9174000024795532 1745530065.4285977
0.7505999803543091 1745530066.7088063
0.5838000178337097 1745530067.9876318
0.4169999957084656 1745530069.267586
0.4169999957084656 1745530070.5487542
0.4169999957084656 1745530071.8289135
0.4169999957084656 1745530073.1086838
0.2502000033855438 1745530074.3879907
0.4169999957084656 1745530075.6679213
0.08340000361204147 1745530076.9473479
0.0 1745530078.227105
0.0 1745530079.5077825
0.0 1745530080.787324
0.0 1745530082.0678148
0.0 1745530083.3467505
0.0 1745530084.6276548
0.0 1745530085.90673
0.0 1745530087.1867957
0.0 1745530088.4673607
0.0 1745530089.7460573
0.0 1745530091.026518
0.0 1745530092.306707
0.0 1745530093.5867872
0.0 1745530094.866004
0.0 1745530096.145906
0.0 1745530097.4259696
0.0 1745530098.7064714
0.08340000361204147 1745530099.9874263
0.08340000361204147 1745530101.26615
0.2502000033855438 1745530102.5466967
0.4169999957084656 1745530103.8259332
0.5838000178337097 1745530105.1061938
0.4169999957084656 1745530106.3863566
0.5838000178337097 1745530107.6676495
0.4169999957084656 1745530108.946275
0.7505999803543091 1745530110.2260606
0.7505999803543091 1745530111.5062988
0.7505999803543091 1745530112.7867112
0.7505999803543091 1745530114.066339
0.5838000178337097 1745530115.3461018
0.5838000178337097 1745530116.6260417
0.4169999957084656 1745530117.9057207
0.2502000033855438 1745530119.1855898
0.4169999957084656 1745530120.465838
0.08340000361204147 1745530121.7458992
0.0 1745530123.0256686
0.0 1745530124.30548
0.0 1745530125.5855112
0.0 1745530126.8653688
0.0 1745530128.1449568
0.0 1745530129.4257329
0.0 1745530130.705512
0.08340000361204147 1745530131.9856908
0.2502000033855438 1745530133.2649927
0.2502000033855438 1745530134.545575
0.2502000033855438 1745530135.825364
0.08340000361204147 1745530137.105352
0.08340000361204147 1745530138.3855228
0.0 1745530139.6650198
0.0 1745530140.9453487
0.0 1745530142.2252917
0.0 1745530143.5055716
0.0 1745530144.7853377
0.0 1745530146.0652204
0.0 1745530147.3452532
0.0 1745530148.6244528
0.0 1745530149.904696
0.0 1745530151.1843433
0.0 1745530152.4646332
0.0 1745530153.7446942
0.0 1745530155.0247343
0.0 1745530156.3043828
0.0 1745530157.584458
0.0 1745530158.8643403
0.0 1745530160.1444619
0.0 1745530161.4237974
0.0 1745530162.7044423
0.0 1745530163.9846091
0.0 1745530165.264046
0.0 1745530166.5442224
0.0 1745530167.8241475
0.0 1745530169.1040661
0.0 1745530170.3836691
0.0 1745530171.663915
0.2502000033855438 1745530172.9438088
0.2502000033855438 1745530174.2237782
0.2502000033855438 1745530175.5034695
0.4169999957084656 1745530176.7833
0.4169999957084656 1745530178.0635884
0.4169999957084656 1745530179.3438158
0.4169999957084656 1745530180.623462
0.4169999957084656 1745530181.903612
0.2502000033855438 1745530183.183497
0.08340000361204147 1745530184.4635243
0.2502000033855438 1745530185.742679
0.0 1745530187.0230088
0.0 1745530188.302765
0.0 1745530189.5827405
0.0 1745530190.8633616
0.0 1745530192.1426418
0.0 1745530193.4230418
0.0 1745530194.7031915
0.0 1745530195.982784
0.0 1745530197.2626383
0.0 1745530198.5425315
0.0 1745530199.8226829
0.0 1745530201.102592
0.0 1745530202.382626
0.0 1745530203.6628685
0.0 1745530204.9419703
0.0 1745530206.2225413
0.0 1745530207.502032
0.0 1745530208.7820168
0.0 1745530210.0625148
0.0 1745530211.3414853
0.0 1745530212.6220183
0.0 1745530213.902189
0.0 1745530215.1814744
0.08340000361204147 1745530216.4625936
0.2502000033855438 1745530217.7418072
0.5838000178337097 1745530219.0226173
0.7505999803543091 1745530220.3026183
0.9174000024795532 1745530221.5825078
1.3344000577926636 1745530222.8626919
1.417799949645996 1745530224.1426623
1.2510000467300415 1745530225.422009
1.0842000246047974 1745530226.7029495
0.5838000178337097 1745530227.9816294
0.4169999957084656 1745530229.2621505
0.2502000033855438 1745530230.5418906
0.2502000033855438 1745530231.8214486
0.08340000361204147 1745530233.1015182
0.0 1745530234.3816137
0.0 1745530235.6619182
0.0 1745530236.9418447
0.0 1745530238.221521
0.0 1745530239.50161
0.0 1745530240.781951
0.0 1745530242.0615437
0.0 1745530243.3411112
0.2502000033855438 1745530244.6212757
0.5838000178337097 1745530245.9011643
0.5838000178337097 1745530247.181335
0.7505999803543091 1745530248.4613008
0.7505999803543091 1745530249.7408907
0.9174000024795532 1745530251.0208373
0.7505999803543091 1745530252.3019686
0.7505999803543091 1745530253.581343
0.4169999957084656 1745530254.8604076
0.2502000033855438 1745530256.1406279
0.08340000361204147 1745530257.4209473
0.0 1745530258.7009022
0.0 1745530259.980307
0.0 1745530261.260087
0.0 1745530262.5403283
0.2502000033855438 1745530263.82059
0.4169999957084656 1745530265.1005192
0.5838000178337097 1745530266.3803015
0.4169999957084656 1745530267.6605582
0.2502000033855438 1745530268.9401855
0.5838000178337097 1745530270.220172
0.5838000178337097 1745530271.4997993
0.2502000033855438 1745530272.780415
0.08340000361204147 1745530274.0602064
0.0 1745530275.3394933
0.0 1745530276.6201491
0.2502000033855438 1745530277.8999696
0.4169999957084656 1745530279.1799693
0.2502000033855438 1745530280.460186
0.4169999957084656 1745530281.740043
0.2502000033855438 1745530283.0201344
0.08340000361204147 1745530284.2997065
0.0 1745530285.579631
0.0 1745530286.8591564
0.0 1745530288.1390767
0.0 1745530289.419699
0.0 1745530290.699475
0.0 1745530291.9790277
0.08340000361204147 1745530293.2591226
0.08340000361204147 1745530294.5393188
0.2502000033855438 1745530295.81908
0.2502000033855438 1745530297.099269
0.4169999957084656 1745530298.379111
0.4169999957084656 1745530299.6590276
