tests/high_wind.ecsv
# %ECSV 1.0
# ---
# datatype:
# - {name: speed, datatype: float64}
# - {name: private_sndStamp, datatype: float64}
# schema: astropy-2.0
speed private_sndStamp
[from data line 430]
20.250200003385544 1745529710.8826783
20.08340000361204 1745529712.1621718
20.0 1745529713.4417706
20.08340000361204 1745529714.721906
20.0 1745529716.002077
20.250200003385544 1745529717.2819607
20.08340000361204 1745529718.5621932
20.416999995708466 1745529719.84216
20.75059998035431 1745529721.122695
20.75059998035431 1745529722.4020705
20.58380001783371 1745529723.6819582
20.75059998035431 1745529724.9620342
20.917400002479553 1745529726.2418604
21.084200024604797 1745529727.5223644
21.417799949645996 1745529728.8016355
21.417799949645996 1745529730.0824358
21.25100004673004 1745529731.361972
21.417799949645996 1745529732.6419828
21.25100004673004 1745529733.9216368
21.084200024604797 1745529735.201801
21.084200024604797 1745529736.481553
21.084200024604797 1745529737.7618568
20.917400002479553 1745529739.041793
20.75059998035431 1745529740.32088
20.75059998035431 1745529741.6014059
20.58380001783371 1745529742.8813288
20.58380001783371 1745529744.161673
20.58380001783371 1745529745.4415267
20.58380001783371 1745529746.7215266
20.58380001783371 1745529748.0010087
20.58380001783371 1745529749.2806718
20.75059998035431 1745529750.5609002
20.75059998035431 1745529751.8409896
20.75059998035431 1745529753.1212106
20.58380001783371 1745529754.4004524
20.58380001783371 1745529755.681393
20.75059998035431 1745529756.9612055
20.58380001783371 1745529758.240766
20.917400002479553 1745529759.520742
20.75059998035431 1745529760.8000574
20.75059998035431 1745529762.080253
20.917400002479553 1745529763.3600876
20.75059998035431 1745529764.640312
20.58380001783371 1745529765.9204872
20.416999995708466 1745529767.200085
20.58380001783371 1745529768.4805202
20.416999995708466 1745529769.760598
20.58380001783371 1745529771.0406384
20.416999995708466 1745529772.3203683
20.58380001783371 1745529773.6001866
20.500400006771088 1745529774.8797855
20.58380001783371 1745529776.1602743
20.75059998035431 1745529777.4403965
20.75059998035431 1745529778.7204459
20.75059998035431 1745529780.0006597
20.917400002479553 1745529781.2800426
21.084200024604797 1745529782.5603106
20.917400002479553 1745529783.8402588
21.084200024604797 1745529785.119798
20.917400002479553 1745529786.399969
20.917400002479553 1745529787.6800876
20.917400002479553 1745529788.9594944
20.917400002479553 1745529790.239254
21.084200024604797 1745529791.5191636
20.917400002479553 1745529792.799581
20.917400002479553 1745529794.0792468
20.917400002479553 1745529795.3591616
20.917400002479553 1745529796.6389327
20.917400002479553 1745529797.9184358
21.084200024604797 1745529799.198909
20.917400002479553 1745529800.4786553
20.917400002479553 1745529801.7592862
20.917400002479553 1745529803.0394268
20.917400002479553 1745529804.318411
20.917400002479553 1745529805.5989873
20.917400002479553 1745529806.8792202
20.917400002479553 1745529808.159258
20.917400002479553 1745529809.4390407
21.084200024604797 1745529810.7192194
21.084200024604797 1745529811.998832
21.084200024604797 1745529813.2790952
21.084200024604797 1745529814.5592043
20.917400002479553 1745529815.8394463
21.084200024604797 1745529817.1186182
20.917400002479553 1745529818.3993387
21.084200024604797 1745529819.6785507
20.917400002479553 1745529820.9589214
21.084200024604797 1745529822.2389932
21.25100004673004 1745529823.5187426
21.084200024604797 1745529824.7985733
21.084200024604797 1745529826.0785785
20.917400002479553 1745529827.358356
20.917400002479553 1745529828.63825
20.917400002479553 1745529829.9185224
20.917400002479553 1745529831.1980386
20.75059998035431 1745529832.4781117
20.917400002479553 1745529833.7582123
20.917400002479553 1745529835.0386598
20.75059998035431 1745529836.317859
20.917400002479553 1745529837.5980964
20.83399999141693 1745529838.8782802
20.75059998035431 1745529840.1579301
20.917400002479553 1745529841.4382563
20.75059998035431 1745529842.717918
20.75059998035431 1745529843.997989
20.58380001783371 1745529845.2776492
20.75059998035431 1745529846.5575838
20.58380001783371 1745529847.8377318
20.58380001783371 1745529849.1176398
20.58380001783371 1745529850.3971856
20.58380001783371 1745529851.6773636
20.416999995708466 1745529852.957137
20.58380001783371 1745529854.2374587
20.58380001783371 1745529855.5177124
20.58380001783371 1745529856.7975118
20.58380001783371 1745529858.0774052
20.75059998035431 1745529859.3567681
20.917400002479553 1745529860.6374443
20.75059998035431 1745529861.916785
20.75059998035431 1745529863.1973662
20.58380001783371 1745529864.477333
20.75059998035431 1745529865.757139
20.58380001783371 1745529867.0369637
20.416999995708466 1745529868.3168504
20.416999995708466 1745529869.596715
20.250200003385544 1745529870.876975
20.250200003385544 1745529872.1573431
20.250200003385544 1745529873.4364913
20.250200003385544 1745529874.7165117
20.58380001783371 1745529875.996539
20.416999995708466 1745529877.276174
20.416999995708466 1745529878.5556166
20.416999995708466 1745529879.8363025
20.250200003385544 1745529881.1155913
20.08340000361204 1745529882.396193
20.250200003385544 1745529883.67547
20.250200003385544 1745529884.9554188
20.250200003385544 1745529886.2355058
20.58380001783371 1745529887.515732
20.416999995708466 1745529888.7955785
20.416999995708466 1745529890.075475
20.416999995708466 1745529891.3556085
20.250200003385544 1745529892.6354263
20.08340000361204 1745529893.9156156
20.416999995708466 1745529895.1955063
20.416999995708466 1745529896.4758708
20.416999995708466 1745529897.7557561
20.416999995708466 1745529899.0356278
20.416999995708466 1745529900.3155468
20.58380001783371 1745529901.5955627
20.416999995708466 1745529902.875928
20.416999995708466 1745529904.1559393
20.58380001783371 1745529905.4356875
20.416999995708466 1745529906.71563
20.416999995708466 1745529907.9954457
20.08340000361204 1745529909.275638
20.250200003385544 1745529910.5544524
20.08340000361204 1745529911.8357835
20.416999995708466 1745529913.1147077
20.58380001783371 1745529914.3959205
20.58380001783371 1745529915.675775
20.58380001783371 1745529916.9557111
20.416999995708466 1745529918.2346923
20.58380001783371 1745529919.5147007
20.416999995708466 1745529920.7940824
20.250200003385544 1745529922.0747542
20.416999995708466 1745529923.3546517
20.416999995708466 1745529924.6345184
20.416999995708466 1745529925.9145126
20.58380001783371 1745529927.1939476
20.58380001783371 1745529928.474813
20.58380001783371 1745529929.7540035
20.58380001783371 1745529931.0337749
20.58380001783371 1745529932.3141065
20.58380001783371 1745529933.5938132
20.416999995708466 1745529934.8737698
20.416999995708466 1745529936.1534631
20.416999995708466 1745529937.433646
20.416999995708466 1745529938.7136762
20.416999995708466 1745529939.9934645
20.250200003385544 1745529941.2736883
20.416999995708466 1745529942.5535083
20.250200003385544 1745529943.833696
20.250200003385544 1745529945.1136315
20.250200003385544 1745529946.393717
20.250200003385544 1745529947.6734877
20.08340000361204 1745529948.9534874
20.250200003385544 1745529950.2335868
20.08340000361204 1745529951.5137303
20.08340000361204 1745529952.7934659
20.58380001783371 1745529954.0731902
20.75059998035431 1745529955.3537807
21.084200024604797 1745529956.6336234
20.917400002479553 1745529957.9133995
21.084200024604797 1745529959.1934204
20.917400002479553 1745529960.4735203
20.917400002479553 1745529961.7532997
20.917400002479553 1745529963.033137
20.75059998035431 1745529964.3130634
20.917400002479553 1745529965.5928845
20.75059998035431 1745529966.8727043
20.917400002479553 1745529968.1523254
20.75059998035431 1745529969.4328637
20.75059998035431 1745529970.7120457
20.917400002479553 1745529971.9922795
21.084200024604797 1745529973.2720885
20.917400002479553 1745529974.5527532
21.084200024604797 1745529975.8320956
20.917400002479553 1745529977.1120927
21.084200024604797 1745529978.3926375
20.917400002479553 1745529979.6717715
21.084200024604797 1745529980.95208
20.917400002479553 1745529982.2313952
20.917400002479553 1745529983.512293
20.917400002479553 1745529984.7924423
20.917400002479553 1745529986.071858
20.75059998035431 1745529987.3522675
20.75059998035431 1745529988.6309526
20.75059998035431 1745529989.9123902
20.917400002479553 1745529991.1922588
20.75059998035431 1745529992.4715126
20.917400002479553 1745529993.7514658
20.75059998035431 1745529995.0318522
20.917400002479553 1745529996.3108203
20.58380001783371 1745529997.5910397
20.58380001783371 1745529998.8715749
20.416999995708466 1745530000.1511757
20.58380001783371 1745530001.4310772
20.416999995708466 1745530002.7110455
20.416999995708466 1745530003.9915087
20.250200003385544 1745530005.2709622
20.416999995708466 1745530006.5510159
20.416999995708466 1745530007.8308265
20.416999995708466 1745530009.11146
20.416999995708466 1745530010.390988
20.416999995708466 1745530011.6711037
20.58380001783371 1745530012.950879
20.416999995708466 1745530014.230607
20.58380001783371 1745530015.511241
20.416999995708466 1745530016.7898035
20.416999995708466 1745530018.07008
20.250200003385544 1745530019.3498068
20.416999995708466 1745530020.6297717
20.250200003385544 1745530021.9104176
20.250200003385544 1745530023.1893938
20.250200003385544 1745530024.470255
20.250200003385544 1745530025.7499301
20.250200003385544 1745530027.0301847
20.250200003385544 1745530028.3096893
20.250200003385544 1745530029.5896559
20.166800007224083 1745530030.8699136
20.250200003385544 1745530032.149929
20.250200003385544 1745530033.4295256
20.250200003385544 1745530034.7094767
20.250200003385544 1745530035.9897857
20.250200003385544 1745530037.2695384
20.250200003385544 1745530038.5497327
20.416999995708466 1745530039.829573
20.416999995708466 1745530041.1100953
20.250200003385544 1745530042.389175
20.250200003385544 1745530043.669129
20.250200003385544 1745530044.9488518
20.250200003385544 1745530046.2293942
20.416999995708466 1745530047.5087092
20.250200003385544 1745530048.7896156
20.416999995708466 1745530050.069169
20.416999995708466 1745530051.3489096
20.416999995708466 1745530052.6290233
20.416999995708466 1745530053.9093852
20.75059998035431 1745530055.189154
21.084200024604797 1745530056.4693007
21.084200024604797 1745530057.749215
21.25100004673004 1745530059.0292833
21.084200024604797 1745530060.3087869
21.084200024604797 1745530061.588773
21.084200024604797 1745530062.8683739
21.084200024604797 1745530064.1487613
20.917400002479553 1745530065.4285977
20.75059998035431 1745530066.7088063
20.58380001783371 1745530067.9876318
20.416999995708466 1745530069.267586
20.416999995708466 1745530070.5487542
20.416999995708466 1745530071.8289135
20.416999995708466 1745530073.1086838
20.250200003385544 1745530074.3879907
20.416999995708466 1745530075.6679213
20.08340000361204 1745530076.9473479
20.0 1745530078.227105
20.0 1745530079.5077825
20.0 1745530080.787324
20.0 1745530082.0678148
20.0 1745530083.3467505
20.0 1745530084.6276548
20.0 1745530085.90673
20.0 1745530087.1867957
20.0 1745530088.4673607
20.0 1745530089.7460573
20.0 1745530091.026518
20.0 1745530092.306707
20.0 1745530093.5867872
20.0 1745530094.866004
20.0 1745530096.145906
20.0 1745530097.4259696
20.0 1745530098.7064714
20.08340000361204 1745530099.9874263
20.08340000361204 1745530101.26615
20.250200003385544 1745530102.5466967
20.416999995708466 1745530103.8259332
20.58380001783371 1745530105.1061938
20.416999995708466 1745530106.3863566
20.58380001783371 1745530107.6676495
20.416999995708466 1745530108.946275
20.75059998035431 1745530110.2260606
20.75059998035431 1745530111.5062988
20.75059998035431 1745530112.7867112
20.75059998035431 1745530114.066339
20.58380001783371 1745530115.3461018
20.58380001783371 1745530116.6260417
20.416999995708466 1745530117.9057207
20.250200003385544 1745530119.1855898
20.416999995708466 1745530120.465838
20.08340000361204 1745530121.7458992
20.0 1745530123.0256686
20.0 1745530124.30548
20.0 1745530125.5855112
20.0 1745530126.8653688
20.0 1745530128.1449568
20.0 1745530129.4257329
20.0 1745530130.705512
20.08340000361204 1745530131.9856908
20.250200003385544 1745530133.2649927
20.250200003385544 1745530134.545575
20.250200003385544 1745530135.825364
20.08340000361204 1745530137.105352
20.08340000361204 1745530138.3855228
20.0 1745530139.6650198
20.0 1745530140.9453487
20.0 1745530142.2252917
20.0 1745530143.5055716
20.0 1745530144.7853377
20.0 1745530146.0652204
20.0 1745530147.3452532
20.0 1745530148.6244528
20.0 1745530149.904696
20.0 1745530151.1843433
20.0 1745530152.4646332
20.0 1745530153.7446942
20.0 1745530155.0247343
20.0 1745530156.3043828
20.0 1745530157.584458
20.0 1745530158.8643403
20.0 1745530160.1444619
20.0 1745530161.4237974
20.0 1745530162.7044423
20.0 1745530163.9846091
20.0 1745530165.264046
20.0 1745530166.5442224
20.0 1745530167.8241475
20.0 1745530169.1040661
20.0 1745530170.3836691
20.0 1745530171.663915
20.250200003385544 1745530172.9438088
20.250200003385544 1745530174.2237782
20.250200003385544 1745530175.5034695
20.416999995708466 1745530176.7833
20.416999995708466 1745530178.0635884
20.416999995708466 1745530179.3438158
20.416999995708466 1745530180.623462
20.416999995708466 1745530181.903612
20.250200003385544 1745530183.183497
20.08340000361204 1745530184.4635243
20.250200003385544 1745530185.742679
20.0 1745530187.0230088
20.0 1745530188.302765
20.0 1745530189.5827405
20.0 1745530190.8633616
20.0 1745530192.1426418
20.0 1745530193.4230418
20.0 1745530194.7031915
20.0 1745530195.982784
20.0 1745530197.2626383
20.0 1745530198.5425315
20.0 1745530199.8226829
20.0 1745530201.102592
20.0 1745530202.382626
20.0 1745530203.6628685
20.0 1745530204.9419703
20.0 1745530206.2225413
20.0 1745530207.502032
20.0 1745530208.7820168
20.0 1745530210.0625148
20.0 1745530211.3414853
20.0 1745530212.6220183
20.0 1745530213.902189
20.0 1745530215.1814744
20.08340000361204 1745530216.4625936
20.250200003385544 1745530217.7418072
20.58380001783371 1745530219.0226173
20.75059998035431 1745530220.3026183
20.917400002479553 1745530221.5825078
21.334400057792664 1745530222.8626919
21.417799949645996 1745530224.1426623
21.25100004673004 1745530225.422009
21.084200024604797 1745530226.7029495
20.58380001783371 1745530227.9816294
20.416999995708466 1745530229.2621505
20.250200003385544 1745530230.5418906
20.250200003385544 1745530231.8214486
20.08340000361204 1745530233.1015182
20.0 1745530234.3816137
20.0 1745530235.6619182
20.0 1745530236.9418447
20.0 1745530238.221521
20.0 1745530239.50161
20.0 1745530240.781951
20.0 1745530242.0615437
20.0 1745530243.3411112
20.250200003385544 1745530244.6212757
20.58380001783371 1745530245.9011643
20.58380001783371 1745530247.181335
20.75059998035431 1745530248.4613008
20.75059998035431 1745530249.7408907
20.917400002479553 1745530251.0208373
20.75059998035431 1745530252.3019686
20.75059998035431 1745530253.581343
20.416999995708466 1745530254.8604076
20.250200003385544 1745530256.1406279
20.08340000361204 1745530257.4209473
20.0 1745530258.7009022
20.0 1745530259.980307
20.0 1745530261.260087
20.0 1745530262.5403283
20.250200003385544 1745530263.82059
20.416999995708466 1745530265.1005192
20.58380001783371 1745530266.3803015
20.416999995708466 1745530267.6605582
20.250200003385544 1745530268.9401855
20.58380001783371 1745530270.220172
20.58380001783371 1745530271.4997993
20.250200003385544 1745530272.780415
20.08340000361204 1745530274.0602064
20.0 1745530275.3394933
20.0 1745530276.6201491
20.250200003385544 1745530277.8999696
20.416999995708466 1745530279.1799693
20.250200003385544 1745530280.460186
20.416999995708466 1745530281.740043
20.250200003385544 1745530283.0201344
20.08340000361204 1745530284.2997065
20.0 1745530285.579631
20.0 1745530286.8591564
20.0 1745530288.1390767
20.0 1745530289.419699
20.0 1745530290.699475
20.0 1745530291.9790277
20.08340000361204 1745530293.2591226
20.08340000361204 1745530294.5393188
20.250200003385544 1745530295.81908
20.250200003385544 1745530297.099269
20.416999995708466 1745530298.379111
20.416999995708466 1745530299.6590276
20.58380001783371 1745530300.9393442
