tests/high_wind.ecsv
# %ECSV 1.0
# ---
# datatype:
# - {name: speed, datatype: float64}
# - {name: private_sndStamp, datatype: float64}
# schema: astropy-2.0
speed private_sndStamp
[from data line 893]
20.917400002479553 1745530303.4992762
20.75059998035431 1745530304.7792835
20.917400002479553 1745530306.0591974
21.084200024604797 1745530307.3393855
21.084200024604797 1745530308.6178186
20.917400002479553 1745530309.8993633
21.084200024604797 1745530311.179543
20.917400002479553 1745530312.4594033
20.917400002479553 1745530313.7391388
20.917400002479553 1745530315.019093
20.75059998035431 1745530316.2979698
20.416999995708466 1745530317.5780652
20.250200003385544 1745530318.8581781
20.08340000361204 1745530320.137941
20.0 1745530321.4174962
20.0 1745530322.6978154
20.0 1745530323.9778666
20.0 1745530325.2582612
20.0 1745530326.5377
20.0 1745530327.817958
20.0 1745530329.0980048
20.0 1745530330.3783407
20.0 1745530331.65789
20.0 1745530332.9375234
20.0 1745530334.2176466
20.0 1745530335.4980202
20.0 1745530336.7773223
20.0 1745530338.0580204
20.08340000361204 1745530339.3379545
20.250200003385544 1745530340.617071
20.416999995708466 1745530341.8968318
20.416999995708466 1745530343.1770995
20.416999995708466 1745530344.4575284
20.416999995708466 1745530345.736774
20.250200003385544 1745530347.0167718
20.250200003385544 1745530348.2971647
20.08340000361204 1745530349.5764802
20.08340000361204 1745530350.8568
20.250200003385544 1745530352.13674
20.08340000361204 1745530353.4167871
20.250200003385544 1745530354.6968076
20.08340000361204 1745530355.976607
20.250200003385544 1745530357.2565944
20.250200003385544 1745530358.536888
20.250200003385544 1745530359.8171518
20.250200003385544 1745530361.0966318
20.250200003385544 1745530362.3771522
20.250200003385544 1745530363.6569233
20.08340000361204 1745530364.9369164
20.08340000361204 1745530366.2161922
20.0 1745530367.495821
20.250200003385544 1745530368.7768567
20.0 1745530370.0564744
20.0 1745530371.3355963
20.0 1745530372.6152093
20.0 1745530373.8952954
20.0 1745530375.1751792
20.0 1745530376.4559858
20.0 1745530377.7354345
20.0 1745530379.0155036
20.08340000361204 1745530380.2950819
20.250200003385544 1745530381.5757496
20.250200003385544 1745530382.8552744
20.250200003385544 1745530384.1351926
20.250200003385544 1745530385.4155958
20.250200003385544 1745530386.6945088
20.250200003385544 1745530387.9748566
20.0 1745530389.2554579
20.08340000361204 1745530390.534914
20.0 1745530391.815171
20.0 1745530393.0957708
20.0 1745530394.3744714
20.0 1745530395.655426
20.0 1745530396.9348385
20.0 1745530398.2146084
20.0 1745530399.4950547
20.0 1745530400.7748291
20.250200003385544 1745530402.0550387
20.416999995708466 1745530403.3346865
20.250200003385544 1745530404.614046
20.250200003385544 1745530405.8945088
20.250200003385544 1745530407.174565
20.250200003385544 1745530408.454493
20.250200003385544 1745530409.7345684
20.250200003385544 1745530411.0145638
20.250200003385544 1745530412.2944858
20.250200003385544 1745530413.5745633
20.166800007224083 1745530414.8542366
20.0 1745530416.1340082
20.0 1745530417.4142873
20.0 1745530418.693977
20.0 1745530419.9743395
20.0 1745530421.253887
20.0 1745530422.5341992
20.0 1745530423.8138587
20.0 1745530425.0940022
20.0 1745530426.3739326
20.0 1745530427.6539233
20.0 1745530428.9336014
20.0 1745530430.2135732
20.0 1745530431.493654
20.0 1745530432.7732713
20.0 1745530434.0533812
20.0 1745530435.3333805
20.0 1745530436.613692
20.0 1745530437.893579
20.0 1745530439.1729078
20.0 1745530440.453854
20.0 1745530441.7324307
20.0 1745530443.0123315
20.0 1745530444.2921333
20.0 1745530445.5717926
20.0 1745530446.8522484
20.0 1745530448.1324518
20.0 1745530449.411846
20.0 1745530450.6919386
20.0 1745530451.9719887
20.0 1745530453.2517087
20.0 1745530454.532171
20.0 1745530455.8116715
20.0 1745530457.09221
20.0 1745530458.3717134
20.0 1745530459.6522756
20.0 1745530460.931059
20.0 1745530462.2116737
20.0 1745530463.4914312
20.0 1745530464.7713916
20.0 1745530466.0521176
20.0 1745530467.3311844
20.0 1745530468.6110916
20.0 1745530469.8912587
20.0 1745530471.1718194
20.0 1745530472.4508119
20.0 1745530473.731489
20.0 1745530475.0112436
20.0 1745530476.2919402
20.0 1745530477.5711896
20.0 1745530478.8514206
20.0 1745530480.130304
20.0 1745530481.4104414
20.0 1745530482.6903794
20.0 1745530483.9701695
20.0 1745530485.2501557
20.0 1745530486.530892
20.0 1745530487.8104143
20.0 1745530489.0903242
20.0 1745530490.3703203
20.0 1745530491.650423
20.0 1745530492.930287
20.0 1745530494.210996
20.0 1745530495.4909294
20.0 1745530496.7704477
20.0 1745530498.050351
20.250200003385544 1745530499.330364
20.75059998035431 1745530500.610466
21.25100004673004 1745530501.8911264
21.25100004673004 1745530503.1714518
21.084200024604797 1745530504.4511526
21.084200024604797 1745530505.7306437
21.084200024604797 1745530507.0112255
20.917400002479553 1745530508.2900205
21.084200024604797 1745530509.5703611
20.917400002479553 1745530510.8497472
21.25100004673004 1745530512.1297066
21.084200024604797 1745530513.4104722
21.084200024604797 1745530514.69043
20.75059998035431 1745530515.9705567
20.917400002479553 1745530517.249517
20.917400002479553 1745530518.5304778
20.917400002479553 1745530519.8097157
21.084200024604797 1745530521.089883
20.917400002479553 1745530522.3699791
21.084200024604797 1745530523.6499853
21.084200024604797 1745530524.9308047
21.084200024604797 1745530526.209622
20.75059998035431 1745530527.4905005
20.917400002479553 1745530528.7694767
21.084200024604797 1745530530.0499105
21.084200024604797 1745530531.330051
21.084200024604797 1745530532.6095178
21.084200024604797 1745530533.889524
21.084200024604797 1745530535.1697605
21.25100004673004 1745530536.4497397
21.25100004673004 1745530537.7292967
21.58459997177124 1745530539.01005
21.417799949645996 1745530540.289202
21.25100004673004 1745530541.5689971
21.334400057792664 1745530542.8505366
21.084200024604797 1745530544.1292145
21.084200024604797 1745530545.4087613
20.917400002479553 1745530546.6893582
20.58380001783371 1745530547.969496
20.416999995708466 1745530549.2495043
20.58380001783371 1745530550.5288906
20.58380001783371 1745530551.8091018
21.084200024604797 1745530553.089108
20.917400002479553 1745530554.3691285
21.084200024604797 1745530555.6489062
21.25100004673004 1745530556.9288445
21.25100004673004 1745530558.2090478
21.25100004673004 1745530559.488384
21.084200024604797 1745530560.768769
21.25100004673004 1745530562.04863
21.417799949645996 1745530563.3280292
21.417799949645996 1745530564.6080606
21.417799949645996 1745530565.8883665
21.417799949645996 1745530567.1680636
21.58459997177124 1745530568.448312
21.084200024604797 1745530569.7281058
20.75059998035431 1745530571.0081568
20.917400002479553 1745530572.287473
20.917400002479553 1745530573.5675626
20.83399999141693 1745530574.8484795
20.416999995708466 1745530576.1279786
20.416999995708466 1745530577.4076242
20.250200003385544 1745530578.6870544
20.250200003385544 1745530579.967663
20.0 1745530581.2470894
20.0 1745530582.5272481
20.0 1745530583.8075476
20.917400002479553 1745530585.0877943
20.917400002479553 1745530586.3684652
20.75059998035431 1745530587.6478534
20.917400002479553 1745530588.928013
20.917400002479553 1745530590.2070377
20.75059998035431 1745530591.4876604
20.58380001783371 1745530592.7671986
20.75059998035431 1745530594.0472126
20.75059998035431 1745530595.3276281
20.75059998035431 1745530596.6069868
20.75059998035431 1745530597.8875282
21.25100004673004 1745530599.1673303
21.25100004673004 1745530600.4464016
21.417799949645996 1745530601.7265613
21.084200024604797 1745530603.0070271
20.917400002479553 1745530604.2864494
20.917400002479553 1745530605.5662966
20.83399999141693 1745530606.8463948
21.084200024604797 1745530608.1256948
21.084200024604797 1745530609.406642
21.25100004673004 1745530610.6865704
21.25100004673004 1745530611.966115
21.084200024604797 1745530613.2471046
21.25100004673004 1745530614.5266316
21.25100004673004 1745530615.806477
21.25100004673004 1745530617.0864723
21.084200024604797 1745530618.366533
21.084200024604797 1745530619.6460857
20.917400002479553 1745530620.926533
20.58380001783371 1745530622.2065372
20.416999995708466 1745530623.4861848
20.416999995708466 1745530624.76588
20.250200003385544 1745530626.045894
20.58380001783371 1745530627.326281
20.75059998035431 1745530628.6053755
21.25100004673004 1745530629.885606
21.417799949645996 1745530631.1659465
21.751399993896484 1745530632.4454687
21.91820001602173 1745530633.7255218
22.085000038146973 1745530635.005619
22.085000038146973 1745530636.2859952
22.251800060272217 1745530637.5655222
22.085000038146973 1745530638.8453221
21.91820001602173 1745530640.1254015
21.751399993896484 1745530641.4047394
21.751399993896484 1745530642.6854293
21.58459997177124 1745530643.9655182
21.417799949645996 1745530645.245499
21.417799949645996 1745530646.5253043
21.417799949645996 1745530647.8045251
21.417799949645996 1745530649.0849507
21.084200024604797 1745530650.365124
20.75059998035431 1745530651.6451507
20.58380001783371 1745530652.9249237
20.250200003385544 1745530654.2050169
20.250200003385544 1745530655.4847035
20.416999995708466 1745530656.7645879
20.75059998035431 1745530658.0444107
21.25100004673004 1745530659.325115
21.58459997177124 1745530660.6046221
21.58459997177124 1745530661.8850443
21.58459997177124 1745530663.165284
21.58459997177124 1745530664.4446776
21.91820001602173 1745530665.7247105
22.085000038146973 1745530667.0048745
22.085000038146973 1745530668.284417
22.085000038146973 1745530669.5648472
22.085000038146973 1745530670.8445973
22.251800060272217 1745530672.124696
22.585400104522705 1745530673.4049838
22.41860008239746 1745530674.6847339
21.91820001602173 1745530675.9640195
21.91820001602173 1745530677.2439358
21.751399993896484 1745530678.5239027
21.751399993896484 1745530679.8049572
22.585400104522705 1745530681.0844202
22.585400104522705 1745530682.3643243
22.41860008239746 1745530683.6446507
22.251800060272217 1745530684.9244592
21.91820001602173 1745530686.203708
21.58459997177124 1745530687.4845352
21.58459997177124 1745530688.764695
21.58459997177124 1745530690.0441582
21.751399993896484 1745530691.323849
21.91820001602173 1745530692.6035185
22.251800060272217 1745530693.8839188
22.41860008239746 1745530695.1639678
22.585400104522705 1745530696.4436214
22.41860008239746 1745530697.7237911
22.585400104522705 1745530699.003521
22.251800060272217 1745530700.2836952
22.251800060272217 1745530701.5631044
22.168400049209595 1745530702.8431613
22.085000038146973 1745530704.1231806
22.085000038146973 1745530705.4031126
22.085000038146973 1745530706.683046
22.085000038146973 1745530707.9638162
22.085000038146973 1745530709.2431757
21.751399993896484 1745530710.5231764
22.085000038146973 1745530711.8030524
22.085000038146973 1745530713.0831769
22.085000038146973 1745530714.363081
22.085000038146973 1745530715.6432247
21.751399993896484 1745530716.9230258
21.751399993896484 1745530718.203253
21.58459997177124 1745530719.483443
21.58459997177124 1745530720.7632565
21.91820001602173 1745530722.0429647
21.91820001602173 1745530723.3232977
22.085000038146973 1745530724.6030722
22.085000038146973 1745530725.8832712
22.085000038146973 1745530727.163033
22.085000038146973 1745530728.4421203
22.085000038146973 1745530729.7231078
22.41860008239746 1745530731.0033169
22.41860008239746 1745530732.2834718
22.41860008239746 1745530733.5623176
22.33520007133484 1745530734.8434198
22.41860008239746 1745530736.1231532
22.41860008239746 1745530737.4020483
22.41860008239746 1745530738.683368
22.41860008239746 1745530739.9634142
22.75219988822937 1745530741.2421753
22.75219988822937 1745530742.522097
22.918999910354614 1745530743.802321
22.585400104522705 1745530745.081665
22.41860008239746 1745530746.3618364
21.91820001602173 1745530747.641998
22.085000038146973 1745530748.921503
21.91820001602173 1745530750.2020936
21.91820001602173 1745530751.4818246
21.751399993896484 1745530752.762076
21.58459997177124 1745530754.0416572
21.58459997177124 1745530755.3216422
21.58459997177124 1745530756.6016567
21.751399993896484 1745530757.881208
21.58459997177124 1745530759.1613748
21.417799949645996 1745530760.4410887
21.58459997177124 1745530761.7214787
21.417799949645996 1745530763.0008702
21.58459997177124 1745530764.2812068
21.417799949645996 1745530765.56102
21.25100004673004 1745530766.8406312
21.084200024604797 1745530768.1210887
20.917400002479553 1745530769.4011123
20.917400002479553 1745530770.6806815
20.917400002479553 1745530771.9603467
21.084200024604797 1745530773.2406418
21.25100004673004 1745530774.5206738
21.91820001602173 1745530775.8007333
22.251800060272217 1745530777.080775
22.251800060272217 1745530778.360357
22.251800060272217 1745530779.640242
22.085000038146973 1745530780.9202988
22.085000038146973 1745530782.2011673
21.751399993896484 1745530783.480294
21.751399993896484 1745530784.7596974
21.417799949645996 1745530786.0404341
21.58459997177124 1745530787.320155
21.58459997177124 1745530788.5995653
22.085000038146973 1745530789.8799543
21.91820001602173 1745530791.160155
22.251800060272217 1745530792.4402888
22.251800060272217 1745530793.7204607
22.585400104522705 1745530795.00038
22.585400104522705 1745530796.2793176
22.585400104522705 1745530797.5596185
22.41860008239746 1745530798.8396137
22.251800060272217 1745530800.1198575
22.085000038146973 1745530801.3995836
22.085000038146973 1745530802.6793633
21.751399993896484 1745530803.9592204
21.58459997177124 1745530805.2392468
21.58459997177124 1745530806.519376
21.084200024604797 1745530807.7994213
