tests/high_wind.ecsv
# %ECSV 1.0
# ---
# datatype:
# - {name: speed, datatype: float64}
# - {name: private_sndStamp, datatype: float64}
# schema: astropy-2.0
speed private_sndStamp
21.58459997177124 1745529160.504137
21.751399993896484 1745529161.783691
21.58459997177124 1745529163.0645325
21.58459997177124 1745529164.3445761
21.58459997177124 1745529165.6238585
21.58459997177124 1745529166.90439
21.58459997177124 1745529168.1843724
21.417799949645996 1745529169.463658
21.25100004673004 1745529170.7438443
21.58459997177124 1745529172.0237212
21.58459997177124 1745529173.3037663
21.58459997177124 1745529174.583222
21.751399993896484 1745529175.8637328
21.91820001602173 1745529177.1438303
21.58459997177124 1745529178.4237695
21.25100004673004 1745529179.7040045
21.25100004673004 1745529180.983243
21.417799949645996 1745529182.263552
21.417799949645996 1745529183.543347
21.417799949645996 1745529184.8231256
21.58459997177124 1745529186.1034575
21.58459997177124 1745529187.3829832
21.91820001602173 1745529188.6637475
21.751399993896484 1745529189.9436314
21.58459997177124 1745529191.223393
21.58459997177124 1745529192.5030596
21.751399993896484 1745529193.7833438
21.751399993896484 1745529195.0633187
21.751399993896484 1745529196.3424153
21.91820001602173 1745529197.6227605
21.834800004959106 1745529198.9026577
22.085000038146973 1745529200.1830828
22.085000038146973 1745529201.4625258
22.085000038146973 1745529202.7435129
22.41860008239746 1745529204.0226738
22.085000038146973 1745529205.3026729
22.085000038146973 1745529206.5826366
22.085000038146973 1745529207.862646
22.41860008239746 1745529209.1426218
22.41860008239746 1745529210.4221706
22.085000038146973 1745529211.7024844
22.085000038146973 1745529212.9824028
21.91820001602173 1745529214.2619877
21.751399993896484 1745529215.5417862
21.91820001602173 1745529216.8222558
22.251800060272217 1745529218.102672
22.251800060272217 1745529219.3829577
22.251800060272217 1745529220.6629198
22.251800060272217 1745529221.941847
22.251800060272217 1745529223.2215056
22.251800060272217 1745529224.5021737
22.585400104522705 1745529225.7816286
22.585400104522705 1745529227.0613286
22.585400104522705 1745529228.3417287
22.41860008239746 1745529229.6207738
22.585400104522705 1745529230.901023
22.41860008239746 1745529232.1814837
22.585400104522705 1745529233.4615746
22.41860008239746 1745529234.7415476
22.41860008239746 1745529236.021461
22.41860008239746 1745529237.3017504
22.251800060272217 1745529238.5819879
22.41860008239746 1745529239.8619833
22.251800060272217 1745529241.1416357
22.085000038146973 1745529242.420827
22.251800060272217 1745529243.7006154
22.085000038146973 1745529244.9810388
21.91820001602173 1745529246.2605882
21.91820001602173 1745529247.5406506
22.085000038146973 1745529248.8212953
22.41860008239746 1745529250.1018462
22.251800060272217 1745529251.38133
22.085000038146973 1745529252.6602874
21.91820001602173 1745529253.940678
22.085000038146973 1745529255.2209044
21.91820001602173 1745529256.500426
22.085000038146973 1745529257.7801132
21.751399993896484 1745529259.0604093
21.751399993896484 1745529260.3395953
21.751399993896484 1745529261.6201909
21.834800004959106 1745529262.900854
21.751399993896484 1745529264.179592
21.58459997177124 1745529265.4596732
21.751399993896484 1745529266.7397208
21.91820001602173 1745529268.0206203
21.751399993896484 1745529269.3004017
21.751399993896484 1745529270.5797222
21.751399993896484 1745529271.8604121
21.91820001602173 1745529273.1395936
21.58459997177124 1745529274.420464
21.58459997177124 1745529275.6998553
21.58459997177124 1745529276.9796941
21.58459997177124 1745529278.260064
21.58459997177124 1745529279.5403507
21.417799949645996 1745529280.819761
21.91820001602173 1745529282.0989194
22.085000038146973 1745529283.379642
22.085000038146973 1745529284.6595469
22.085000038146973 1745529285.9391265
22.085000038146973 1745529287.2193606
22.085000038146973 1745529288.4992664
21.91820001602173 1745529289.7796264
21.91820001602173 1745529291.0594485
21.91820001602173 1745529292.339318
21.58459997177124 1745529293.6190495
21.501199960708618 1745529294.899717
21.751399993896484 1745529296.1786861
21.91820001602173 1745529297.4592414
21.91820001602173 1745529298.7388093
21.91820001602173 1745529300.0182073
22.251800060272217 1745529301.2992926
22.41860008239746 1745529302.5784802
22.585400104522705 1745529303.8585136
22.585400104522705 1745529305.1388783
22.41860008239746 1745529306.4186103
22.585400104522705 1745529307.698819
22.41860008239746 1745529308.97873
22.585400104522705 1745529310.258578
22.41860008239746 1745529311.5376265
22.585400104522705 1745529312.8192239
22.585400104522705 1745529314.0981154
22.75219988822937 1745529315.3778822
22.585400104522705 1745529316.658446
22.251800060272217 1745529317.9385483
22.085000038146973 1745529319.2180457
22.085000038146973 1745529320.4980469
22.251800060272217 1745529321.77757
22.585400104522705 1745529323.0572987
22.41860008239746 1745529324.337989
22.41860008239746 1745529325.6182714
22.75219988822937 1745529326.897918
23.08579993247986 1745529328.178957
23.419399976730347 1745529329.4582129
23.91980004310608 1745529330.7379904
23.91980004310608 1745529332.0179396
24.086599826812744 1745529333.2985916
24.086599826812744 1745529334.578406
23.91980004310608 1745529335.8573055
23.91980004310608 1745529337.1384277
23.753000020980835 1745529338.41797
23.753000020980835 1745529339.6978729
23.252599954605103 1745529340.9778936
23.419399976730347 1745529342.2570975
23.58619999885559 1745529343.5373886
23.419399976730347 1745529344.8175511
23.419399976730347 1745529346.096957
23.419399976730347 1745529347.3769805
23.58619999885559 1745529348.6571095
23.252599954605103 1745529349.9375825
23.58619999885559 1745529351.2171025
23.753000020980835 1745529352.49701
23.419399976730347 1745529353.7770324
23.58619999885559 1745529355.057198
23.419399976730347 1745529356.337162
23.252599954605103 1745529357.6175926
23.002399921417236 1745529358.8967366
22.585400104522705 1745529360.1755342
22.585400104522705 1745529361.4565887
22.41860008239746 1745529362.736832
22.75219988822937 1745529364.0174506
22.75219988822937 1745529365.2963765
23.08579993247986 1745529366.5765061
23.252599954605103 1745529367.8556786
23.252599954605103 1745529369.1366012
23.08579993247986 1745529370.4158206
23.252599954605103 1745529371.696303
22.918999910354614 1745529372.975734
22.918999910354614 1745529374.2563503
23.08579993247986 1745529375.5355206
23.08579993247986 1745529376.8156056
23.08579993247986 1745529378.0966768
23.252599954605103 1745529379.3764324
23.252599954605103 1745529380.6555738
22.918999910354614 1745529381.9355445
22.75219988822937 1745529383.2156932
22.918999910354614 1745529384.4956582
23.08579993247986 1745529385.775419
23.08579993247986 1745529387.0550842
23.08579993247986 1745529388.335368
23.08579993247986 1745529389.6149247
22.918999910354614 1745529390.8956583
22.918999910354614 1745529392.175432
22.918999910354614 1745529393.4557655
23.08579993247986 1745529394.735489
22.918999910354614 1745529396.0148487
23.252599954605103 1745529397.2949395
23.419399976730347 1745529398.5746346
23.419399976730347 1745529399.8543093
23.419399976730347 1745529401.1347516
23.08579993247986 1745529402.414532
23.08579993247986 1745529403.6948776
22.918999910354614 1745529404.9749005
22.918999910354614 1745529406.2543488
22.75219988822937 1745529407.534444
22.75219988822937 1745529408.814594
22.75219988822937 1745529410.093822
22.75219988822937 1745529411.374358
22.75219988822937 1745529412.6543536
22.75219988822937 1745529413.9340115
22.918999910354614 1745529415.2138147
22.918999910354614 1745529416.493524
22.918999910354614 1745529417.7736475
22.918999910354614 1745529419.0535538
23.252599954605103 1745529420.3338253
23.08579993247986 1745529421.614408
23.16919994354248 1745529422.89456
23.08579993247986 1745529424.1745896
23.252599954605103 1745529425.4539597
23.08579993247986 1745529426.7338798
23.753000020980835 1745529428.0139678
23.419399976730347 1745529429.2935302
23.08579993247986 1745529430.5733163
22.918999910354614 1745529431.8535094
22.75219988822937 1745529433.1339178
22.75219988822937 1745529434.4135876
22.41860008239746 1745529435.6940565
22.085000038146973 1745529436.9739618
22.085000038146973 1745529438.2536077
22.251800060272217 1745529439.5338473
22.41860008239746 1745529440.8139937
22.41860008239746 1745529442.0937395
22.585400104522705 1745529443.3735251
22.585400104522705 1745529444.65327
22.918999910354614 1745529445.9336085
22.918999910354614 1745529447.2136765
22.75219988822937 1745529448.493857
22.41860008239746 1745529449.7727015
22.41860008239746 1745529451.0530357
22.75219988822937 1745529452.3329175
22.75219988822937 1745529453.6125498
22.668800115585327 1745529454.8929083
22.918999910354614 1745529456.1730459
22.585400104522705 1745529457.4528992
22.75219988822937 1745529458.7327507
22.41860008239746 1745529460.012521
22.585400104522705 1745529461.292825
22.585400104522705 1745529462.5727792
22.41860008239746 1745529463.8524923
22.251800060272217 1745529465.1326454
22.251800060272217 1745529466.4127755
22.41860008239746 1745529467.6921196
22.585400104522705 1745529468.9720886
22.585400104522705 1745529470.2519166
22.41860008239746 1745529471.5330117
22.41860008239746 1745529472.812151
22.585400104522705 1745529474.0921218
22.585400104522705 1745529475.3729756
22.918999910354614 1745529476.6519017
22.75219988822937 1745529477.9319813
22.585400104522705 1745529479.2120152
22.918999910354614 1745529480.4918303
23.08579993247986 1745529481.7721872
23.252599954605103 1745529483.0519586
23.08579993247986 1745529484.3321025
22.918999910354614 1745529485.61215
22.918999910354614 1745529486.8920617
22.75219988822937 1745529488.1719353
22.75219988822937 1745529489.452095
22.585400104522705 1745529490.7310395
22.251800060272217 1745529492.0120902
22.41860008239746 1745529493.2911217
22.75219988822937 1745529494.5720153
22.585400104522705 1745529495.8522549
22.918999910354614 1745529497.1310618
23.08579993247986 1745529498.4112568
22.918999910354614 1745529499.6910412
22.75219988822937 1745529500.9711287
22.585400104522705 1745529502.2507958
22.75219988822937 1745529503.530877
22.585400104522705 1745529504.8102107
22.41860008239746 1745529506.09043
22.75219988822937 1745529507.3710663
22.585400104522705 1745529508.6503532
22.251800060272217 1745529509.9308543
22.41860008239746 1745529511.2104852
22.251800060272217 1745529512.4910133
22.41860008239746 1745529513.770754
22.41860008239746 1745529515.050808
22.085000038146973 1745529516.330034
22.085000038146973 1745529517.6105075
22.085000038146973 1745529518.8902829
22.251800060272217 1745529520.1700032
21.91820001602173 1745529521.4505215
22.085000038146973 1745529522.7298114
21.751399993896484 1745529524.0095851
21.417799949645996 1745529525.2902832
22.085000038146973 1745529526.569864
22.41860008239746 1745529527.8493903
22.918999910354614 1745529529.1293447
22.918999910354614 1745529530.4094603
22.75219988822937 1745529531.689666
22.585400104522705 1745529532.9693956
22.41860008239746 1745529534.2497563
22.41860008239746 1745529535.5292664
22.585400104522705 1745529536.809279
22.251800060272217 1745529538.089692
22.251800060272217 1745529539.3690464
22.41860008239746 1745529540.6494417
22.085000038146973 1745529541.9288468
22.085000038146973 1745529543.20914
22.251800060272217 1745529544.4889982
22.251800060272217 1745529545.7696457
22.251800060272217 1745529547.048916
22.41860008239746 1745529548.328623
22.585400104522705 1745529549.6095254
22.251800060272217 1745529550.8883646
22.41860008239746 1745529552.1695943
22.41860008239746 1745529553.4493227
22.41860008239746 1745529554.7291682
22.41860008239746 1745529556.008359
22.75219988822937 1745529557.2883856
22.75219988822937 1745529558.5681205
22.75219988822937 1745529559.8483052
23.08579993247986 1745529561.128408
22.918999910354614 1745529562.408589
22.918999910354614 1745529563.688502
22.918999910354614 1745529564.969004
22.918999910354614 1745529566.2489667
22.918999910354614 1745529567.5287788
22.918999910354614 1745529568.8080416
22.75219988822937 1745529570.0877206
22.585400104522705 1745529571.3680263
22.585400104522705 1745529572.6481066
22.41860008239746 1745529573.9272933
22.585400104522705 1745529575.2070763
22.585400104522705 1745529576.4881594
22.41860008239746 1745529577.7677913
22.251800060272217 1745529579.0478914
22.251800060272217 1745529580.327911
22.251800060272217 1745529581.6080995
22.168400049209595 1745529582.8881433
22.41860008239746 1745529584.16749
22.085000038146973 1745529585.4472609
22.085000038146973 1745529586.7272458
21.91820001602173 1745529588.0074718
22.085000038146973 1745529589.2867618
21.91820001602173 1745529590.56728
22.085000038146973 1745529591.8469944
22.41860008239746 1745529593.1276443
22.585400104522705 1745529594.4075394
22.585400104522705 1745529595.6868384
22.41860008239746 1745529596.967462
22.585400104522705 1745529598.2466037
22.585400104522705 1745529599.5267062
22.585400104522705 1745529600.807487
22.41860008239746 1745529602.0874045
22.41860008239746 1745529603.3682592
22.41860008239746 1745529604.6474173
21.91820001602173 1745529605.9277174
22.085000038146973 1745529607.2074487
21.91820001602173 1745529608.4874315
22.085000038146973 1745529609.7666526
22.251800060272217 1745529611.0464437
22.085000038146973 1745529612.3262694
21.91820001602173 1745529613.605732
21.834800004959106 1745529614.8869016
21.751399993896484 1745529616.1658978
21.91820001602173 1745529617.4463365
21.91820001602173 1745529618.7258868
21.91820001602173 1745529620.0064878
21.751399993896484 1745529621.286461
21.751399993896484 1745529622.5666678
21.58459997177124 1745529623.8459008
21.417799949645996 1745529625.1263433
21.25100004673004 1745529626.4063475
21.25100004673004 1745529627.6862924
21.25100004673004 1745529628.9657493
21.084200024604797 1745529630.245152
21.25100004673004 1745529631.5259013
21.084200024604797 1745529632.8055782
21.417799949645996 1745529634.0856814
21.25100004673004 1745529635.3653085
21.417799949645996 1745529636.645882
21.91820001602173 1745529637.9256358
22.085000038146973 1745529639.20534
22.251800060272217 1745529640.4853508
22.251800060272217 1745529641.7647521
22.085000038146973 1745529643.0446637
21.91820001602173 1745529644.3261404
21.751399993896484 1745529645.6047125
21.834800004959106 1745529646.8847015
21.58459997177124 1745529648.1653287
21.58459997177124 1745529649.4462214
21.58459997177124 1745529650.725505
21.417799949645996 1745529652.0047517
21.58459997177124 1745529653.285112
21.417799949645996 1745529654.5650427
21.417799949645996 1745529655.845355
21.417799949645996 1745529657.1246607
21.417799949645996 1745529658.4047167
21.084200024604797 1745529659.685081
20.75059998035431 1745529660.9651856
20.75059998035431 1745529662.2449377
20.58380001783371 1745529663.5247085
20.58380001783371 1745529664.8041294
20.58380001783371 1745529666.0849173
20.58380001783371 1745529667.3643248
20.917400002479553 1745529668.6443913
21.084200024604797 1745529669.924646
21.58459997177124 1745529671.2044284
21.417799949645996 1745529672.4839106
21.751399993896484 1745529673.763967
21.751399993896484 1745529675.0440779
21.58459997177124 1745529676.3243198
21.58459997177124 1745529677.6040895
21.58459997177124 1745529678.8843458
21.58459997177124 1745529680.1637776
21.751399993896484 1745529681.4437642
21.58459997177124 1745529682.7238982
21.417799949645996 1745529684.0036566
21.417799949645996 1745529685.284208
21.25100004673004 1745529686.5632875
21.084200024604797 1745529687.8430128
21.084200024604797 1745529689.123268
21.25100004673004 1745529690.4029605
21.084200024604797 1745529691.683791
21.25100004673004 1745529692.9630105
21.084200024604797 1745529694.2429147
20.917400002479553 1745529695.5227299
21.084200024604797 1745529696.802448
20.917400002479553 1745529698.0828927
20.917400002479553 1745529699.3630655
20.75059998035431 1745529700.6424718
20.58380001783371 1745529701.9228258
20.75059998035431 1745529703.2028205
20.58380001783371 1745529704.4827309
20.416999995708466 1745529705.762941
20.416999995708466 1745529707.042531
20.250200003385544 1745529708.3226037
