tests/stale_wind_data.ecsv
# %ECSV 1.0
# ---
# datatype:
# - {name: speed, datatype: float64}
# - {name: private_sndStamp, datatype: float64}
# schema: astropy-2.0
speed private_sndStamp
102.91899991035461 1745527331.0657678
102.75219988822937 1745527332.3455534
102.75219988822937 1745527333.6250591
102.75219988822937 1745527334.9053094
102.5854001045227 1745527336.1848717
102.75219988822937 1745527337.4650598
102.91899991035461 1745527338.744917
102.5854001045227 1745527340.0249944
102.5854001045227 1745527341.3047042
102.75219988822937 1745527342.5854936
102.41860008239746 1745527343.864652
102.25180006027222 1745527345.1448596
102.08500003814697 1745527346.4249537
102.25180006027222 1745527347.7049003
102.08500003814697 1745527348.9848318
101.91820001602173 1745527350.2647417
101.91820001602173 1745527351.5454671
101.58459997177124 1745527352.8247113
101.417799949646 1745527354.105107
101.58459997177124 1745527355.3838055
101.417799949646 1745527356.664615
101.417799949646 1745527357.9450521
101.58459997177124 1745527359.2244933
101.58459997177124 1745527360.504137
101.75139999389648 1745527361.783691
101.58459997177124 1745527363.0645325
101.58459997177124 1745527364.3445761
101.58459997177124 1745527365.6238585
101.58459997177124 1745527366.90439
101.58459997177124 1745527368.1843724
101.417799949646 1745527369.463658
101.25100004673004 1745527370.7438443
101.58459997177124 1745527372.0237212
101.58459997177124 1745527373.3037663
101.58459997177124 1745527374.583222
101.75139999389648 1745527375.8637328
101.91820001602173 1745527377.1438303
101.58459997177124 1745527378.4237695
101.25100004673004 1745527379.7040045
101.25100004673004 1745527380.983243
101.417799949646 1745527382.263552
101.417799949646 1745527383.543347
101.417799949646 1745527384.8231256
101.58459997177124 1745527386.1034575
101.58459997177124 1745527387.3829832
101.91820001602173 1745527388.6637475
101.75139999389648 1745527389.9436314
101.58459997177124 1745527391.223393
101.58459997177124 1745527392.5030596
101.75139999389648 1745527393.7833438
101.75139999389648 1745527395.0633187
101.75139999389648 1745527396.3424153
101.91820001602173 1745527397.6227605
101.8348000049591 1745527398.9026577
102.08500003814697 1745527400.1830828
102.08500003814697 1745527401.4625258
102.08500003814697 1745527402.7435129
102.41860008239746 1745527404.0226738
102.08500003814697 1745527405.3026729
102.08500003814697 1745527406.5826366
102.08500003814697 1745527407.862646
102.41860008239746 1745527409.1426218
102.41860008239746 1745527410.4221706
102.08500003814697 1745527411.7024844
102.08500003814697 1745527412.9824028
101.91820001602173 1745527414.2619877
101.75139999389648 1745527415.5417862
101.91820001602173 1745527416.8222558
102.25180006027222 1745527418.102672
102.25180006027222 1745527419.3829577
102.25180006027222 1745527420.6629198
102.25180006027222 1745527421.941847
102.25180006027222 1745527423.2215056
102.25180006027222 1745527424.5021737
102.5854001045227 1745527425.7816286
102.5854001045227 1745527427.0613286
102.5854001045227 1745527428.3417287
102.41860008239746 1745527429.6207738
102.5854001045227 1745527430.901023
102.41860008239746 1745527432.1814837
102.5854001045227 1745527433.4615746
102.41860008239746 1745527434.7415476
102.41860008239746 1745527436.021461
102.41860008239746 1745527437.3017504
102.25180006027222 1745527438.5819879
102.41860008239746 1745527439.8619833
102.25180006027222 1745527441.1416357
102.08500003814697 1745527442.420827
102.25180006027222 1745527443.7006154
102.08500003814697 1745527444.9810388
101.91820001602173 1745527446.2605882
101.91820001602173 1745527447.5406506
102.08500003814697 1745527448.8212953
102.41860008239746 1745527450.1018462
102.25180006027222 1745527451.38133
102.08500003814697 1745527452.6602874
101.91820001602173 1745527453.940678
102.08500003814697 1745527455.2209044
101.91820001602173 1745527456.500426
102.08500003814697 1745527457.7801132
101.75139999389648 1745527459.0604093
101.75139999389648 1745527460.3395953
101.75139999389648 1745527461.6201909
101.8348000049591 1745527462.900854
101.75139999389648 1745527464.179592
101.58459997177124 1745527465.4596732
101.75139999389648 1745527466.7397208
101.91820001602173 1745527468.0206203
101.75139999389648 1745527469.3004017
101.75139999389648 1745527470.5797222
101.75139999389648 1745527471.8604121
101.91820001602173 1745527473.1395936
101.58459997177124 1745527474.420464
101.58459997177124 1745527475.6998553
101.58459997177124 1745527476.9796941
101.58459997177124 1745527478.260064
101.58459997177124 1745527479.5403507
101.417799949646 1745527480.819761
101.91820001602173 1745527482.0989194
102.08500003814697 1745527483.379642
102.08500003814697 1745527484.6595469
102.08500003814697 1745527485.9391265
102.08500003814697 1745527487.2193606
102.08500003814697 1745527488.4992664
101.91820001602173 1745527489.7796264
101.91820001602173 1745527491.0594485
101.91820001602173 1745527492.339318
101.58459997177124 1745527493.6190495
101.50119996070862 1745527494.899717
101.75139999389648 1745527496.1786861
101.91820001602173 1745527497.4592414
101.91820001602173 1745527498.7388093
101.91820001602173 1745527500.0182073
102.25180006027222 1745527501.2992926
102.41860008239746 1745527502.5784802
102.5854001045227 1745527503.8585136
102.5854001045227 1745527505.1388783
102.41860008239746 1745527506.4186103
102.5854001045227 1745527507.698819
102.41860008239746 1745527508.97873
102.5854001045227 1745527510.258578
102.41860008239746 1745527511.5376265
102.5854001045227 1745527512.8192239
102.5854001045227 1745527514.0981154
102.75219988822937 1745527515.3778822
102.5854001045227 1745527516.658446
102.25180006027222 1745527517.9385483
102.08500003814697 1745527519.2180457
102.08500003814697 1745527520.4980469
102.25180006027222 1745527521.77757
102.5854001045227 1745527523.0572987
102.41860008239746 1745527524.337989
102.41860008239746 1745527525.6182714
102.75219988822937 1745527526.897918
103.08579993247986 1745527528.178957
103.41939997673035 1745527529.4582129
103.91980004310608 1745527530.7379904
103.91980004310608 1745527532.0179396
104.08659982681274 1745527533.2985916
104.08659982681274 1745527534.578406
103.91980004310608 1745527535.8573055
103.91980004310608 1745527537.1384277
103.75300002098083 1745527538.41797
103.75300002098083 1745527539.6978729
103.2525999546051 1745527540.9778936
103.41939997673035 1745527542.2570975
103.58619999885559 1745527543.5373886
103.41939997673035 1745527544.8175511
103.41939997673035 1745527546.096957
103.41939997673035 1745527547.3769805
103.58619999885559 1745527548.6571095
103.2525999546051 1745527549.9375825
103.58619999885559 1745527551.2171025
103.75300002098083 1745527552.49701
103.41939997673035 1745527553.7770324
103.58619999885559 1745527555.057198
103.41939997673035 1745527556.337162
103.2525999546051 1745527557.6175926
103.00239992141724 1745527558.8967366
102.5854001045227 1745527560.1755342
102.5854001045227 1745527561.4565887
102.41860008239746 1745527562.736832
102.75219988822937 1745527564.0174506
102.75219988822937 1745527565.2963765
103.08579993247986 1745527566.5765061
103.2525999546051 1745527567.8556786
103.2525999546051 1745527569.1366012
103.08579993247986 1745527570.4158206
103.2525999546051 1745527571.696303
102.91899991035461 1745527572.975734
102.91899991035461 1745527574.2563503
103.08579993247986 1745527575.5355206
103.08579993247986 1745527576.8156056
103.08579993247986 1745527578.0966768
103.2525999546051 1745527579.3764324
103.2525999546051 1745527580.6555738
102.91899991035461 1745527581.9355445
102.75219988822937 1745527583.2156932
102.91899991035461 1745527584.4956582
103.08579993247986 1745527585.775419
103.08579993247986 1745527587.0550842
103.08579993247986 1745527588.335368
103.08579993247986 1745527589.6149247
102.91899991035461 1745527590.8956583
102.91899991035461 1745527592.175432
102.91899991035461 1745527593.4557655
103.08579993247986 1745527594.735489
102.91899991035461 1745527596.0148487
103.2525999546051 1745527597.2949395
103.41939997673035 1745527598.5746346
103.41939997673035 1745527599.8543093
103.41939997673035 1745527601.1347516
103.08579993247986 1745527602.414532
103.08579993247986 1745527603.6948776
102.91899991035461 1745527604.9749005
102.91899991035461 1745527606.2543488
102.75219988822937 1745527607.534444
102.75219988822937 1745527608.814594
102.75219988822937 1745527610.093822
102.75219988822937 1745527611.374358
102.75219988822937 1745527612.6543536
102.75219988822937 1745527613.9340115
102.91899991035461 1745527615.2138147
102.91899991035461 1745527616.493524
102.91899991035461 1745527617.7736475
102.91899991035461 1745527619.0535538
103.2525999546051 1745527620.3338253
103.08579993247986 1745527621.614408
103.16919994354248 1745527622.89456
103.08579993247986 1745527624.1745896
103.2525999546051 1745527625.4539597
103.08579993247986 1745527626.7338798
103.75300002098083 1745527628.0139678
103.41939997673035 1745527629.2935302
103.08579993247986 1745527630.5733163
102.91899991035461 1745527631.8535094
102.75219988822937 1745527633.1339178
102.75219988822937 1745527634.4135876
102.41860008239746 1745527635.6940565
102.08500003814697 1745527636.9739618
102.08500003814697 1745527638.2536077
102.25180006027222 1745527639.5338473
102.41860008239746 1745527640.8139937
102.41860008239746 1745527642.0937395
102.5854001045227 1745527643.3735251
102.5854001045227 1745527644.65327
102.91899991035461 1745527645.9336085
102.91899991035461 1745527647.2136765
102.75219988822937 1745527648.493857
102.41860008239746 1745527649.7727015
102.41860008239746 1745527651.0530357
102.75219988822937 1745527652.3329175
102.75219988822937 1745527653.6125498
102.66880011558533 1745527654.8929083
102.91899991035461 1745527656.1730459
102.5854001045227 1745527657.4528992
102.75219988822937 1745527658.7327507
102.41860008239746 1745527660.012521
102.5854001045227 1745527661.292825
102.5854001045227 1745527662.5727792
102.41860008239746 1745527663.8524923
102.25180006027222 1745527665.1326454
102.25180006027222 1745527666.4127755
102.41860008239746 1745527667.6921196
102.5854001045227 1745527668.9720886
102.5854001045227 1745527670.2519166
102.41860008239746 1745527671.5330117
102.41860008239746 1745527672.812151
102.5854001045227 1745527674.0921218
102.5854001045227 1745527675.3729756
102.91899991035461 1745527676.6519017
102.75219988822937 1745527677.9319813
102.5854001045227 1745527679.2120152
102.91899991035461 1745527680.4918303
103.08579993247986 1745527681.7721872
103.2525999546051 1745527683.0519586
103.08579993247986 1745527684.3321025
102.91899991035461 1745527685.61215
102.91899991035461 1745527686.8920617
102.75219988822937 1745527688.1719353
102.75219988822937 1745527689.452095
102.5854001045227 1745527690.7310395
102.25180006027222 1745527692.0120902
102.41860008239746 1745527693.2911217
102.75219988822937 1745527694.5720153
102.5854001045227 1745527695.8522549
102.91899991035461 1745527697.1310618
103.08579993247986 1745527698.4112568
102.91899991035461 1745527699.6910412
102.75219988822937 1745527700.9711287
102.5854001045227 1745527702.2507958
102.75219988822937 1745527703.530877
102.5854001045227 1745527704.8102107
102.41860008239746 1745527706.09043
102.75219988822937 1745527707.3710663
102.5854001045227 1745527708.6503532
102.25180006027222 1745527709.9308543
102.41860008239746 1745527711.2104852
102.25180006027222 1745527712.4910133
102.41860008239746 1745527713.770754
102.41860008239746 1745527715.050808
102.08500003814697 1745527716.330034
102.08500003814697 1745527717.6105075
102.08500003814697 1745527718.8902829
102.25180006027222 1745527720.1700032
101.91820001602173 1745527721.4505215
102.08500003814697 1745527722.7298114
101.75139999389648 1745527724.0095851
101.417799949646 1745527725.2902832
102.08500003814697 1745527726.569864
102.41860008239746 1745527727.8493903
102.91899991035461 1745527729.1293447
102.91899991035461 1745527730.4094603
102.75219988822937 1745527731.689666
102.5854001045227 1745527732.9693956
102.41860008239746 1745527734.2497563
102.41860008239746 1745527735.5292664
102.5854001045227 1745527736.809279
102.25180006027222 1745527738.089692
102.25180006027222 1745527739.3690464
102.41860008239746 1745527740.6494417
102.08500003814697 1745527741.9288468
102.08500003814697 1745527743.20914
102.25180006027222 1745527744.4889982
102.25180006027222 1745527745.7696457
102.25180006027222 1745527747.048916
102.41860008239746 1745527748.328623
102.5854001045227 1745527749.6095254
102.25180006027222 1745527750.8883646
102.41860008239746 1745527752.1695943
102.41860008239746 1745527753.4493227
102.41860008239746 1745527754.7291682
102.41860008239746 1745527756.008359
102.75219988822937 1745527757.2883856
102.75219988822937 1745527758.5681205
102.75219988822937 1745527759.8483052
103.08579993247986 1745527761.128408
102.91899991035461 1745527762.408589
102.91899991035461 1745527763.688502
102.91899991035461 1745527764.969004
102.91899991035461 1745527766.2489667
102.91899991035461 1745527767.5287788
102.91899991035461 1745527768.8080416
102.75219988822937 1745527770.0877206
102.5854001045227 1745527771.3680263
102.5854001045227 1745527772.6481066
102.41860008239746 1745527773.9272933
102.5854001045227 1745527775.2070763
102.5854001045227 1745527776.4881594
102.41860008239746 1745527777.7677913
102.25180006027222 1745527779.0478914
102.25180006027222 1745527780.327911
102.25180006027222 1745527781.6080995
102.1684000492096 1745527782.8881433
102.41860008239746 1745527784.16749
102.08500003814697 1745527785.4472609
102.08500003814697 1745527786.7272458
101.91820001602173 1745527788.0074718
102.08500003814697 1745527789.2867618
101.91820001602173 1745527790.56728
102.08500003814697 1745527791.8469944
102.41860008239746 1745527793.1276443
102.5854001045227 1745527794.4075394
102.5854001045227 1745527795.6868384
102.41860008239746 1745527796.967462
102.5854001045227 1745527798.2466037
102.5854001045227 1745527799.5267062
102.5854001045227 1745527800.807487
102.41860008239746 1745527802.0874045
102.41860008239746 1745527803.3682592
102.41860008239746 1745527804.6474173
101.91820001602173 1745527805.9277174
102.08500003814697 1745527807.2074487
101.91820001602173 1745527808.4874315
102.08500003814697 1745527809.7666526
102.25180006027222 1745527811.0464437
102.08500003814697 1745527812.3262694
101.91820001602173 1745527813.605732
101.8348000049591 1745527814.8869016
101.75139999389648 1745527816.1658978
101.91820001602173 1745527817.4463365
101.91820001602173 1745527818.7258868
101.91820001602173 1745527820.0064878
101.75139999389648 1745527821.286461
101.75139999389648 1745527822.5666678
101.58459997177124 1745527823.8459008
101.417799949646 1745527825.1263433
101.25100004673004 1745527826.4063475
101.25100004673004 1745527827.6862924
101.25100004673004 1745527828.9657493
101.0842000246048 1745527830.245152
101.25100004673004 1745527831.5259013
101.0842000246048 1745527832.8055782
101.417799949646 1745527834.0856814
101.25100004673004 1745527835.3653085
101.417799949646 1745527836.645882
101.91820001602173 1745527837.9256358
102.08500003814697 1745527839.20534
102.25180006027222 1745527840.4853508
102.25180006027222 1745527841.7647521
102.08500003814697 1745527843.0446637
101.91820001602173 1745527844.3261404
101.75139999389648 1745527845.6047125
101.8348000049591 1745527846.8847015
101.58459997177124 1745527848.1653287
101.58459997177124 1745527849.4462214
101.58459997177124 1745527850.725505
101.417799949646 1745527852.0047517
101.58459997177124 1745527853.285112
101.417799949646 1745527854.5650427
101.417799949646 1745527855.845355
101.417799949646 1745527857.1246607
101.417799949646 1745527858.4047167
101.0842000246048 1745527859.685081
100.75059998035431 1745527860.9651856
100.75059998035431 1745527862.2449377
100.58380001783371 1745527863.5247085
100.58380001783371 1745527864.8041294
100.58380001783371 1745527866.0849173
100.58380001783371 1745527867.3643248
100.91740000247955 1745527868.6443913
101.0842000246048 1745527869.924646
101.58459997177124 1745527871.2044284
101.417799949646 1745527872.4839106
101.75139999389648 1745527873.763967
101.75139999389648 1745527875.0440779
