tests/stale_wind_data.ecsv
# %ECSV 1.0
# ---
# datatype:
# - {name: speed, datatype: float64}
# - {name: private_sndStamp, datatype: float64}
# schema: astropy-2.0
speed private_sndStamp
[from data line 1346]
2.0850000381469727 1745529205.3026729
2.0850000381469727 1745529206.5826366
2.0850000381469727 1745529207.862646
2.418600082397461 1745529209.1426218
2.418600082397461 1745529210.4221706
2.0850000381469727 1745529211.7024844
2.0850000381469727 1745529212.9824028
1.9182000160217285 1745529214.2619877
1.7513999938964844 1745529215.5417862
1.9182000160217285 1745529216.8222558
2.251800060272217 1745529218.102672
2.251800060272217 1745529219.3829577
2.251800060272217 1745529220.6629198
2.251800060272217 1745529221.941847
2.251800060272217 1745529223.2215056
2.251800060272217 1745529224.5021737
2.585400104522705 1745529225.7816286
2.585400104522705 1745529227.0613286
2.585400104522705 1745529228.3417287
2.418600082397461 1745529229.6207738
2.585400104522705 1745529230.901023
2.418600082397461 1745529232.1814837
2.585400104522705 1745529233.4615746
2.418600082397461 1745529234.7415476
2.418600082397461 1745529236.021461
2.418600082397461 1745529237.3017504
2.251800060272217 1745529238.5819879
2.418600082397461 1745529239.8619833
2.251800060272217 1745529241.1416357
2.0850000381469727 1745529242.420827
2.251800060272217 1745529243.7006154
2.0850000381469727 1745529244.9810388
1.9182000160217285 1745529246.2605882
1.9182000160217285 1745529247.5406506
2.0850000381469727 1745529248.8212953
2.418600082397461 1745529250.1018462
2.251800060272217 1745529251.38133
2.0850000381469727 1745529252.6602874
1.9182000160217285 1745529253.940678
2.0850000381469727 1745529255.2209044
1.9182000160217285 1745529256.500426
2.0850000381469727 1745529257.7801132
1.7513999938964844 1745529259.0604093
1.7513999938964844 1745529260.3395953
1.7513999938964844 1745529261.6201909
1.8348000049591064 1745529262.900854
1.7513999938964844 1745529264.179592
1.5845999717712402 1745529265.4596732
1.7513999938964844 1745529266.7397208
1.9182000160217285 1745529268.0206203
1.7513999938964844 1745529269.3004017
1.7513999938964844 1745529270.5797222
1.7513999938964844 1745529271.8604121
1.9182000160217285 1745529273.1395936
1.5845999717712402 1745529274.420464
1.5845999717712402 1745529275.6998553
1.5845999717712402 1745529276.9796941
1.5845999717712402 1745529278.260064
1.5845999717712402 1745529279.5403507
1.417799949645996 1745529280.819761
1.9182000160217285 1745529282.0989194
2.0850000381469727 1745529283.379642
2.0850000381469727 1745529284.6595469
2.0850000381469727 1745529285.9391265
2.0850000381469727 1745529287.2193606
2.0850000381469727 1745529288.4992664
1.9182000160217285 1745529289.7796264
1.9182000160217285 1745529291.0594485
1.9182000160217285 1745529292.339318
1.5845999717712402 1745529293.6190495
1.5011999607086182 1745529294.899717
1.7513999938964844 1745529296.1786861
1.9182000160217285 1745529297.4592414
1.9182000160217285 1745529298.7388093
1.9182000160217285 1745529300.0182073
2.251800060272217 1745529301.2992926
2.418600082397461 1745529302.5784802
2.585400104522705 1745529303.8585136
2.585400104522705 1745529305.1388783
2.418600082397461 1745529306.4186103
2.585400104522705 1745529307.698819
2.418600082397461 1745529308.97873
2.585400104522705 1745529310.258578
2.418600082397461 1745529311.5376265
2.585400104522705 1745529312.8192239
2.585400104522705 1745529314.0981154
2.75219988822937 1745529315.3778822
2.585400104522705 1745529316.658446
2.251800060272217 1745529317.9385483
2.0850000381469727 1745529319.2180457
2.0850000381469727 1745529320.4980469
2.251800060272217 1745529321.77757
2.585400104522705 1745529323.0572987
2.418600082397461 1745529324.337989
2.418600082397461 1745529325.6182714
2.75219988822937 1745529326.897918
3.0857999324798584 1745529328.178957
3.4193999767303467 1745529329.4582129
3.919800043106079 1745529330.7379904
3.919800043106079 1745529332.0179396
4.086599826812744 1745529333.2985916
4.086599826812744 1745529334.578406
3.919800043106079 1745529335.8573055
3.919800043106079 1745529337.1384277
3.753000020980835 1745529338.41797
3.753000020980835 1745529339.6978729
3.2525999546051025 1745529340.9778936
3.4193999767303467 1745529342.2570975
3.586199998855591 1745529343.5373886
3.4193999767303467 1745529344.8175511
3.4193999767303467 1745529346.096957
3.4193999767303467 1745529347.3769805
3.586199998855591 1745529348.6571095
3.2525999546051025 1745529349.9375825
3.586199998855591 1745529351.2171025
3.753000020980835 1745529352.49701
3.4193999767303467 1745529353.7770324
3.586199998855591 1745529355.057198
3.4193999767303467 1745529356.337162
3.2525999546051025 1745529357.6175926
3.0023999214172363 1745529358.8967366
2.585400104522705 1745529360.1755342
2.585400104522705 1745529361.4565887
2.418600082397461 1745529362.736832
2.75219988822937 1745529364.0174506
2.75219988822937 1745529365.2963765
3.0857999324798584 1745529366.5765061
3.2525999546051025 1745529367.8556786
3.2525999546051025 1745529369.1366012
3.0857999324798584 1745529370.4158206
3.2525999546051025 1745529371.696303
2.9189999103546143 1745529372.975734
2.9189999103546143 1745529374.2563503
3.0857999324798584 1745529375.5355206
3.0857999324798584 1745529376.8156056
3.0857999324798584 1745529378.0966768
3.2525999546051025 1745529379.3764324
3.2525999546051025 1745529380.6555738
2.9189999103546143 1745529381.9355445
2.75219988822937 1745529383.2156932
2.9189999103546143 1745529384.4956582
3.0857999324798584 1745529385.775419
3.0857999324798584 1745529387.0550842
3.0857999324798584 1745529388.335368
3.0857999324798584 1745529389.6149247
2.9189999103546143 1745529390.8956583
2.9189999103546143 1745529392.175432
2.9189999103546143 1745529393.4557655
3.0857999324798584 1745529394.735489
2.9189999103546143 1745529396.0148487
3.2525999546051025 1745529397.2949395
3.4193999767303467 1745529398.5746346
3.4193999767303467 1745529399.8543093
3.4193999767303467 1745529401.1347516
3.0857999324798584 1745529402.414532
3.0857999324798584 1745529403.6948776
2.9189999103546143 1745529404.9749005
2.9189999103546143 1745529406.2543488
2.75219988822937 1745529407.534444
2.75219988822937 1745529408.814594
2.75219988822937 1745529410.093822
2.75219988822937 1745529411.374358
2.75219988822937 1745529412.6543536
2.75219988822937 1745529413.9340115
2.9189999103546143 1745529415.2138147
2.9189999103546143 1745529416.493524
2.9189999103546143 1745529417.7736475
2.9189999103546143 1745529419.0535538
3.2525999546051025 1745529420.3338253
3.0857999324798584 1745529421.614408
3.1691999435424805 1745529422.89456
3.0857999324798584 1745529424.1745896
3.2525999546051025 1745529425.4539597
3.0857999324798584 1745529426.7338798
3.753000020980835 1745529428.0139678
3.4193999767303467 1745529429.2935302
3.0857999324798584 1745529430.5733163
2.9189999103546143 1745529431.8535094
2.75219988822937 1745529433.1339178
2.75219988822937 1745529434.4135876
2.418600082397461 1745529435.6940565
2.0850000381469727 1745529436.9739618
2.0850000381469727 1745529438.2536077
2.251800060272217 1745529439.5338473
2.418600082397461 1745529440.8139937
2.418600082397461 1745529442.0937395
2.585400104522705 1745529443.3735251
2.585400104522705 1745529444.65327
2.9189999103546143 1745529445.9336085
2.9189999103546143 1745529447.2136765
2.75219988822937 1745529448.493857
2.418600082397461 1745529449.7727015
2.418600082397461 1745529451.0530357
2.75219988822937 1745529452.3329175
2.75219988822937 1745529453.6125498
2.668800115585327 1745529454.8929083
2.9189999103546143 1745529456.1730459
2.585400104522705 1745529457.4528992
2.75219988822937 1745529458.7327507
2.418600082397461 1745529460.012521
2.585400104522705 1745529461.292825
2.585400104522705 1745529462.5727792
2.418600082397461 1745529463.8524923
2.251800060272217 1745529465.1326454
2.251800060272217 1745529466.4127755
2.418600082397461 1745529467.6921196
2.585400104522705 1745529468.9720886
2.585400104522705 1745529470.2519166
2.418600082397461 1745529471.5330117
2.418600082397461 1745529472.812151
2.585400104522705 1745529474.0921218
2.585400104522705 1745529475.3729756
2.9189999103546143 1745529476.6519017
2.75219988822937 1745529477.9319813
2.585400104522705 1745529479.2120152
2.9189999103546143 1745529480.4918303
3.0857999324798584 1745529481.7721872
3.2525999546051025 1745529483.0519586
3.0857999324798584 1745529484.3321025
2.9189999103546143 1745529485.61215
2.9189999103546143 1745529486.8920617
2.75219988822937 1745529488.1719353
2.75219988822937 1745529489.452095
2.585400104522705 1745529490.7310395
2.251800060272217 1745529492.0120902
2.418600082397461 1745529493.2911217
2.75219988822937 1745529494.5720153
2.585400104522705 1745529495.8522549
2.9189999103546143 1745529497.1310618
3.0857999324798584 1745529498.4112568
2.9189999103546143 1745529499.6910412
2.75219988822937 1745529500.9711287
2.585400104522705 1745529502.2507958
2.75219988822937 1745529503.530877
2.585400104522705 1745529504.8102107
2.418600082397461 1745529506.09043
2.75219988822937 1745529507.3710663
2.585400104522705 1745529508.6503532
2.251800060272217 1745529509.9308543
2.418600082397461 1745529511.2104852
2.251800060272217 1745529512.4910133
2.418600082397461 1745529513.770754
2.418600082397461 1745529515.050808
2.0850000381469727 1745529516.330034
2.0850000381469727 1745529517.6105075
2.0850000381469727 1745529518.8902829
2.251800060272217 1745529520.1700032
1.9182000160217285 1745529521.4505215
2.0850000381469727 1745529522.7298114
1.7513999938964844 1745529524.0095851
1.417799949645996 1745529525.2902832
2.0850000381469727 1745529526.569864
2.418600082397461 1745529527.8493903
2.9189999103546143 1745529529.1293447
2.9189999103546143 1745529530.4094603
2.75219988822937 1745529531.689666
2.585400104522705 1745529532.9693956
2.418600082397461 1745529534.2497563
2.418600082397461 1745529535.5292664
2.585400104522705 1745529536.809279
2.251800060272217 1745529538.089692
2.251800060272217 1745529539.3690464
2.418600082397461 1745529540.6494417
2.0850000381469727 1745529541.9288468
2.0850000381469727 1745529543.20914
2.251800060272217 1745529544.4889982
2.251800060272217 1745529545.7696457
2.251800060272217 1745529547.048916
2.418600082397461 1745529548.328623
2.585400104522705 1745529549.6095254
2.251800060272217 1745529550.8883646
2.418600082397461 1745529552.1695943
2.418600082397461 1745529553.4493227
2.418600082397461 1745529554.7291682
2.418600082397461 1745529556.008359
2.75219988822937 1745529557.2883856
2.75219988822937 1745529558.5681205
2.75219988822937 1745529559.8483052
3.0857999324798584 1745529561.128408
2.9189999103546143 1745529562.408589
2.9189999103546143 1745529563.688502
2.9189999103546143 1745529564.969004
2.9189999103546143 1745529566.2489667
2.9189999103546143 1745529567.5287788
2.9189999103546143 1745529568.8080416
2.75219988822937 1745529570.0877206
2.585400104522705 1745529571.3680263
2.585400104522705 1745529572.6481066
2.418600082397461 1745529573.9272933
2.585400104522705 1745529575.2070763
2.585400104522705 1745529576.4881594
2.418600082397461 1745529577.7677913
2.251800060272217 1745529579.0478914
2.251800060272217 1745529580.327911
2.251800060272217 1745529581.6080995
2.1684000492095947 1745529582.8881433
2.418600082397461 1745529584.16749
2.0850000381469727 1745529585.4472609
2.0850000381469727 1745529586.7272458
1.9182000160217285 1745529588.0074718
2.0850000381469727 1745529589.2867618
1.9182000160217285 1745529590.56728
2.0850000381469727 1745529591.8469944
2.418600082397461 1745529593.1276443
2.585400104522705 1745529594.4075394
2.585400104522705 1745529595.6868384
2.418600082397461 1745529596.967462
2.585400104522705 1745529598.2466037
2.585400104522705 1745529599.5267062
2.585400104522705 1745529600.807487
2.418600082397461 1745529602.0874045
2.418600082397461 1745529603.3682592
2.418600082397461 1745529604.6474173
1.9182000160217285 1745529605.9277174
2.0850000381469727 1745529607.2074487
1.9182000160217285 1745529608.4874315
2.0850000381469727 1745529609.7666526
2.251800060272217 1745529611.0464437
2.0850000381469727 1745529612.3262694
1.9182000160217285 1745529613.605732
1.8348000049591064 1745529614.8869016
1.7513999938964844 1745529616.1658978
1.9182000160217285 1745529617.4463365
1.9182000160217285 1745529618.7258868
1.9182000160217285 1745529620.0064878
1.7513999938964844 1745529621.286461
1.7513999938964844 1745529622.5666678
1.5845999717712402 1745529623.8459008
1.417799949645996 1745529625.1263433
1.2510000467300415 1745529626.4063475
1.2510000467300415 1745529627.6862924
1.2510000467300415 1745529628.9657493
1.0842000246047974 1745529630.245152
1.2510000467300415 1745529631.5259013
1.0842000246047974 1745529632.8055782
1.417799949645996 1745529634.0856814
1.2510000467300415 1745529635.3653085
1.417799949645996 1745529636.645882
1.9182000160217285 1745529637.9256358
2.0850000381469727 1745529639.20534
2.251800060272217 1745529640.4853508
2.251800060272217 1745529641.7647521
2.0850000381469727 1745529643.0446637
1.9182000160217285 1745529644.3261404
1.7513999938964844 1745529645.6047125
1.8348000049591064 1745529646.8847015
1.5845999717712402 1745529648.1653287
1.5845999717712402 1745529649.4462214
1.5845999717712402 1745529650.725505
1.417799949645996 1745529652.0047517
1.5845999717712402 1745529653.285112
1.417799949645996 1745529654.5650427
1.417799949645996 1745529655.845355
1.417799949645996 1745529657.1246607
1.417799949645996 1745529658.4047167
1.0842000246047974 1745529659.685081
0.7505999803543091 1745529660.9651856
0.7505999803543091 1745529662.2449377
0.5838000178337097 1745529663.5247085
0.5838000178337097 1745529664.8041294
0.5838000178337097 1745529666.0849173
0.5838000178337097 1745529667.3643248
0.9174000024795532 1745529668.6443913
1.0842000246047974 1745529669.924646
1.5845999717712402 1745529671.2044284
1.417799949645996 1745529672.4839106
1.7513999938964844 1745529673.763967
1.7513999938964844 1745529675.0440779
1.5845999717712402 1745529676.3243198
1.5845999717712402 1745529677.6040895
1.5845999717712402 1745529678.8843458
1.5845999717712402 1745529680.1637776
1.7513999938964844 1745529681.4437642
1.5845999717712402 1745529682.7238982
1.417799949645996 1745529684.0036566
1.417799949645996 1745529685.284208
1.2510000467300415 1745529686.5632875
1.0842000246047974 1745529687.8430128
1.0842000246047974 1745529689.123268
1.2510000467300415 1745529690.4029605
1.0842000246047974 1745529691.683791
1.2510000467300415 1745529692.9630105
1.0842000246047974 1745529694.2429147
0.9174000024795532 1745529695.5227299
1.0842000246047974 1745529696.802448
0.9174000024795532 1745529698.0828927
0.9174000024795532 1745529699.3630655
0.7505999803543091 1745529700.6424718
0.5838000178337097 1745529701.9228258
0.7505999803543091 1745529703.2028205
0.5838000178337097 1745529704.4827309
0.4169999957084656 1745529705.762941
0.4169999957084656 1745529707.042531
0.2502000033855438 1745529708.3226037
0.2502000033855438 1745529709.6030555
0.2502000033855438 1745529710.8826783
0.08340000361204147 1745529712.1621718
0.0 1745529713.4417706
0.08340000361204147 1745529714.721906
0.0 1745529716.002077
0.2502000033855438 1745529717.2819607
0.08340000361204147 1745529718.5621932
0.4169999957084656 1745529719.84216
0.7505999803543091 1745529721.122695
0.7505999803543091 1745529722.4020705
0.5838000178337097 1745529723.6819582
0.7505999803543091 1745529724.9620342
0.9174000024795532 1745529726.2418604
1.0842000246047974 1745529727.5223644
1.417799949645996 1745529728.8016355
1.417799949645996 1745529730.0824358
1.2510000467300415 1745529731.361972
1.417799949645996 1745529732.6419828
1.2510000467300415 1745529733.9216368
1.0842000246047974 1745529735.201801
1.0842000246047974 1745529736.481553
1.0842000246047974 1745529737.7618568
0.9174000024795532 1745529739.041793
0.7505999803543091 1745529740.32088
0.7505999803543091 1745529741.6014059
0.5838000178337097 1745529742.8813288
0.5838000178337097 1745529744.161673
0.5838000178337097 1745529745.4415267
0.5838000178337097 1745529746.7215266
0.5838000178337097 1745529748.0010087
0.5838000178337097 1745529749.2806718
0.7505999803543091 1745529750.5609002
0.7505999803543091 1745529751.8409896
0.7505999803543091 1745529753.1212106
0.5838000178337097 1745529754.4004524
