tests/stale_wind_data.ecsv
# %ECSV 1.0
# ---
# datatype:
# - {name: speed, datatype: float64}
# - {name: private_sndStamp, datatype: float64}
# schema: astropy-2.0
speed private_sndStamp
102.91899991035461 1745527331.0657678
101.417799949646 1745527356.664615
101.417799949646 1745527382.263552
102.08500003814697 1745527407.862646
102.5854001045227 1745527433.4615746
101.75139999389648 1745527459.0604093
102.08500003814697 1745527484.6595469
102.5854001045227 1745527510.258578
103.91980004310608 1745527535.8573055
102.5854001045227 1745527561.4565887
103.08579993247986 1745527587.0550842
102.75219988822937 1745527612.6543536
102.08500003814697 1745527638.2536077
102.41860008239746 1745527663.8524923
102.75219988822937 1745527689.452095
102.41860008239746 1745527715.050808
102.41860008239746 1745527740.6494417
102.91899991035461 1745527766.2489667
102.08500003814697 1745527791.8469944
101.91820001602173 1745527817.4463365
102.08500003814697 1745527843.0446637
100.91740000247955 1745527868.6443913
101.0842000246048 1745527894.2429147
100.41699999570847 1745527919.84216
100.58380001783371 1745527945.4415267
100.58380001783371 1745527971.0406384
100.91740000247955 1745527996.6389327
101.0842000246048 1745528022.2389932
100.58380001783371 1745528047.8377318
100.25020000338554 1745528073.4364913
100.41699999570847 1745528099.0356278
100.41699999570847 1745528124.6345184
100.25020000338554 1745528150.2335868
101.0842000246048 1745528175.8320956
100.58380001783371 1745528201.4310772
100.25020000338554 1745528227.0301847
100.41699999570847 1745528252.6290233
100.0 1745528278.227105
100.41699999570847 1745528303.8259332
100.0 1745528329.4257329
100.0 1745528355.0247343
100.41699999570847 1745528380.623462
100.0 1745528406.2225413
100.25020000338554 1745528431.8214486
100.08340000361204 1745528457.4209473
100.25020000338554 1745528483.0201344
101.0842000246048 1745528508.6178186
100.0 1745528534.2176466
100.25020000338554 1745528559.8171518
100.25020000338554 1745528585.4155958
100.25020000338554 1745528611.0145638
100.0 1745528636.613692
100.0 1745528662.2116737
100.0 1745528687.8104143
101.0842000246048 1745528713.4104722
101.58459997177124 1745528739.01005
101.417799949646 1745528764.6080606
100.91740000247955 1745528790.2070377
101.25100004673004 1745528815.806477
101.75139999389648 1745528841.4047394
102.08500003814697 1745528867.0048745
101.91820001602173 1745528892.6035185
101.75139999389648 1745528918.203253
102.91899991035461 1745528943.802321
100.91740000247955 1745528969.4011123
102.5854001045227 1745528995.00038
1.5845999717712402 1745529172.0237212
1.9182000160217285 1745529197.6227605
2.251800060272217 1745529223.2215056
2.0850000381469727 1745529248.8212953
1.5845999717712402 1745529274.420464
1.9182000160217285 1745529300.0182073
2.418600082397461 1745529325.6182714
3.586199998855591 1745529351.2171025
3.0857999324798584 1745529376.8156056
3.0857999324798584 1745529402.414532
3.753000020980835 1745529428.0139678
2.75219988822937 1745529453.6125498
2.585400104522705 1745529479.2120152
2.585400104522705 1745529504.8102107
2.9189999103546143 1745529530.4094603
2.418600082397461 1745529556.008359
2.251800060272217 1745529581.6080995
2.0850000381469727 1745529607.2074487
1.0842000246047974 1745529632.8055782
1.417799949645996 1745529658.4047167
1.417799949645996 1745529684.0036566
0.2502000033855438 1745529709.6030555
1.0842000246047974 1745529735.201801
0.7505999803543091 1745529760.8000574
0.9174000024795532 1745529786.399969
1.0842000246047974 1745529811.998832
0.9174000024795532 1745529837.5980964
0.7505999803543091 1745529863.1973662
0.4169999957084656 1745529888.7955785
0.5838000178337097 1745529914.3959205
0.4169999957084656 1745529939.9934645
0.9174000024795532 1745529965.5928845
0.9174000024795532 1745529991.1922588
0.4169999957084656 1745530016.7898035
0.2502000033855438 1745530042.389175
0.5838000178337097 1745530067.9876318
0.0 1745530093.5867872
0.2502000033855438 1745530119.1855898
0.0 1745530144.7853377
0.0 1745530170.3836691
0.0 1745530195.982784
0.9174000024795532 1745530221.5825078
0.5838000178337097 1745530247.181335
0.2502000033855438 1745530272.780415
0.4169999957084656 1745530298.379111
0.0 1745530323.9778666
0.08340000361204147 1745530349.5764802
0.0 1745530375.1751792
0.0 1745530400.7748291
0.0 1745530426.3739326
0.0 1745530451.9719887
0.0 1745530477.5711896
1.2510000467300415 1745530503.1714518
0.9174000024795532 1745530528.7694767
0.9174000024795532 1745530554.3691285
0.2502000033855438 1745530579.967663
0.9174000024795532 1745530605.5662966
1.417799949645996 1745530631.1659465
0.4169999957084656 1745530656.7645879
2.585400104522705 1745530682.3643243
2.0850000381469727 1745530707.9638162
2.418600082397461 1745530733.5623176
1.5845999717712402 1745530759.1613748
1.7513999938964844 1745530784.7596974
