tests/stale_wind_data.ecsv
# %ECSV 1.0
# ---
# datatype:
# - {name: speed, datatype: float64}
# - {name: private_sndStamp, datatype: float64}
# schema: astropy-2.0
speed private_sndStamp
[from data line 881]
100.0 1745528458.7009022
100.0 1745528459.980307
100.0 1745528461.260087
100.0 1745528462.5403283
100.25020000338554 1745528463.82059
100.41699999570847 1745528465.1005192
100.58380001783371 1745528466.3803015
100.41699999570847 1745528467.6605582
100.25020000338554 1745528468.9401855
100.58380001783371 1745528470.220172
100.58380001783371 1745528471.4997993
100.25020000338554 1745528472.780415
100.08340000361204 1745528474.0602064
100.0 1745528475.3394933
100.0 1745528476.6201491
100.25020000338554 1745528477.8999696
100.41699999570847 1745528479.1799693
100.25020000338554 1745528480.460186
100.41699999570847 1745528481.740043
100.25020000338554 1745528483.0201344
100.08340000361204 1745528484.2997065
100.0 1745528485.579631
100.0 1745528486.8591564
100.0 1745528488.1390767
100.0 1745528489.419699
100.0 1745528490.699475
100.0 1745528491.9790277
100.08340000361204 1745528493.2591226
100.08340000361204 1745528494.5393188
100.25020000338554 1745528495.81908
100.25020000338554 1745528497.099269
100.41699999570847 1745528498.379111
100.41699999570847 1745528499.6590276
100.58380001783371 1745528500.9393442
100.75059998035431 1745528502.2191615
100.91740000247955 1745528503.4992762
100.75059998035431 1745528504.7792835
100.91740000247955 1745528506.0591974
101.0842000246048 1745528507.3393855
101.0842000246048 1745528508.6178186
100.91740000247955 1745528509.8993633
101.0842000246048 1745528511.179543
100.91740000247955 1745528512.4594033
100.91740000247955 1745528513.7391388
100.91740000247955 1745528515.019093
100.75059998035431 1745528516.2979698
100.41699999570847 1745528517.5780652
100.25020000338554 1745528518.8581781
100.08340000361204 1745528520.137941
100.0 1745528521.4174962
100.0 1745528522.6978154
100.0 1745528523.9778666
100.0 1745528525.2582612
100.0 1745528526.5377
100.0 1745528527.817958
100.0 1745528529.0980048
100.0 1745528530.3783407
100.0 1745528531.65789
100.0 1745528532.9375234
100.0 1745528534.2176466
100.0 1745528535.4980202
100.0 1745528536.7773223
100.0 1745528538.0580204
100.08340000361204 1745528539.3379545
100.25020000338554 1745528540.617071
100.41699999570847 1745528541.8968318
100.41699999570847 1745528543.1770995
100.41699999570847 1745528544.4575284
100.41699999570847 1745528545.736774
100.25020000338554 1745528547.0167718
100.25020000338554 1745528548.2971647
100.08340000361204 1745528549.5764802
100.08340000361204 1745528550.8568
100.25020000338554 1745528552.13674
100.08340000361204 1745528553.4167871
100.25020000338554 1745528554.6968076
100.08340000361204 1745528555.976607
100.25020000338554 1745528557.2565944
100.25020000338554 1745528558.536888
100.25020000338554 1745528559.8171518
100.25020000338554 1745528561.0966318
100.25020000338554 1745528562.3771522
100.25020000338554 1745528563.6569233
100.08340000361204 1745528564.9369164
100.08340000361204 1745528566.2161922
100.0 1745528567.495821
100.25020000338554 1745528568.7768567
100.0 1745528570.0564744
100.0 1745528571.3355963
100.0 1745528572.6152093
100.0 1745528573.8952954
100.0 1745528575.1751792
100.0 1745528576.4559858
100.0 1745528577.7354345
100.0 1745528579.0155036
100.08340000361204 1745528580.2950819
100.25020000338554 1745528581.5757496
100.25020000338554 1745528582.8552744
100.25020000338554 1745528584.1351926
100.25020000338554 1745528585.4155958
100.25020000338554 1745528586.6945088
100.25020000338554 1745528587.9748566
100.0 1745528589.2554579
100.08340000361204 1745528590.534914
100.0 1745528591.815171
100.0 1745528593.0957708
100.0 1745528594.3744714
100.0 1745528595.655426
100.0 1745528596.9348385
100.0 1745528598.2146084
100.0 1745528599.4950547
100.0 1745528600.7748291
100.25020000338554 1745528602.0550387
100.41699999570847 1745528603.3346865
100.25020000338554 1745528604.614046
100.25020000338554 1745528605.8945088
100.25020000338554 1745528607.174565
100.25020000338554 1745528608.454493
100.25020000338554 1745528609.7345684
100.25020000338554 1745528611.0145638
100.25020000338554 1745528612.2944858
100.25020000338554 1745528613.5745633
100.16680000722408 1745528614.8542366
100.0 1745528616.1340082
100.0 1745528617.4142873
100.0 1745528618.693977
100.0 1745528619.9743395
100.0 1745528621.253887
100.0 1745528622.5341992
100.0 1745528623.8138587
100.0 1745528625.0940022
100.0 1745528626.3739326
100.0 1745528627.6539233
100.0 1745528628.9336014
100.0 1745528630.2135732
100.0 1745528631.493654
100.0 1745528632.7732713
100.0 1745528634.0533812
100.0 1745528635.3333805
100.0 1745528636.613692
100.0 1745528637.893579
100.0 1745528639.1729078
100.0 1745528640.453854
100.0 1745528641.7324307
100.0 1745528643.0123315
100.0 1745528644.2921333
100.0 1745528645.5717926
100.0 1745528646.8522484
100.0 1745528648.1324518
100.0 1745528649.411846
100.0 1745528650.6919386
100.0 1745528651.9719887
100.0 1745528653.2517087
100.0 1745528654.532171
100.0 1745528655.8116715
100.0 1745528657.09221
100.0 1745528658.3717134
100.0 1745528659.6522756
100.0 1745528660.931059
100.0 1745528662.2116737
100.0 1745528663.4914312
100.0 1745528664.7713916
100.0 1745528666.0521176
100.0 1745528667.3311844
100.0 1745528668.6110916
100.0 1745528669.8912587
100.0 1745528671.1718194
100.0 1745528672.4508119
100.0 1745528673.731489
100.0 1745528675.0112436
100.0 1745528676.2919402
100.0 1745528677.5711896
100.0 1745528678.8514206
100.0 1745528680.130304
100.0 1745528681.4104414
100.0 1745528682.6903794
100.0 1745528683.9701695
100.0 1745528685.2501557
100.0 1745528686.530892
100.0 1745528687.8104143
100.0 1745528689.0903242
100.0 1745528690.3703203
100.0 1745528691.650423
100.0 1745528692.930287
100.0 1745528694.210996
100.0 1745528695.4909294
100.0 1745528696.7704477
100.0 1745528698.050351
100.25020000338554 1745528699.330364
100.75059998035431 1745528700.610466
101.25100004673004 1745528701.8911264
101.25100004673004 1745528703.1714518
101.0842000246048 1745528704.4511526
101.0842000246048 1745528705.7306437
101.0842000246048 1745528707.0112255
100.91740000247955 1745528708.2900205
101.0842000246048 1745528709.5703611
100.91740000247955 1745528710.8497472
101.25100004673004 1745528712.1297066
101.0842000246048 1745528713.4104722
101.0842000246048 1745528714.69043
100.75059998035431 1745528715.9705567
100.91740000247955 1745528717.249517
100.91740000247955 1745528718.5304778
100.91740000247955 1745528719.8097157
101.0842000246048 1745528721.089883
100.91740000247955 1745528722.3699791
101.0842000246048 1745528723.6499853
101.0842000246048 1745528724.9308047
101.0842000246048 1745528726.209622
100.75059998035431 1745528727.4905005
100.91740000247955 1745528728.7694767
101.0842000246048 1745528730.0499105
101.0842000246048 1745528731.330051
101.0842000246048 1745528732.6095178
101.0842000246048 1745528733.889524
101.0842000246048 1745528735.1697605
101.25100004673004 1745528736.4497397
101.25100004673004 1745528737.7292967
101.58459997177124 1745528739.01005
101.417799949646 1745528740.289202
101.25100004673004 1745528741.5689971
101.33440005779266 1745528742.8505366
101.0842000246048 1745528744.1292145
101.0842000246048 1745528745.4087613
100.91740000247955 1745528746.6893582
100.58380001783371 1745528747.969496
100.41699999570847 1745528749.2495043
100.58380001783371 1745528750.5288906
100.58380001783371 1745528751.8091018
101.0842000246048 1745528753.089108
100.91740000247955 1745528754.3691285
101.0842000246048 1745528755.6489062
101.25100004673004 1745528756.9288445
101.25100004673004 1745528758.2090478
101.25100004673004 1745528759.488384
101.0842000246048 1745528760.768769
101.25100004673004 1745528762.04863
101.417799949646 1745528763.3280292
101.417799949646 1745528764.6080606
101.417799949646 1745528765.8883665
101.417799949646 1745528767.1680636
101.58459997177124 1745528768.448312
101.0842000246048 1745528769.7281058
100.75059998035431 1745528771.0081568
100.91740000247955 1745528772.287473
100.91740000247955 1745528773.5675626
100.83399999141693 1745528774.8484795
100.41699999570847 1745528776.1279786
100.41699999570847 1745528777.4076242
100.25020000338554 1745528778.6870544
100.25020000338554 1745528779.967663
100.0 1745528781.2470894
100.0 1745528782.5272481
100.0 1745528783.8075476
100.91740000247955 1745528785.0877943
100.91740000247955 1745528786.3684652
100.75059998035431 1745528787.6478534
100.91740000247955 1745528788.928013
100.91740000247955 1745528790.2070377
100.75059998035431 1745528791.4876604
100.58380001783371 1745528792.7671986
100.75059998035431 1745528794.0472126
100.75059998035431 1745528795.3276281
100.75059998035431 1745528796.6069868
100.75059998035431 1745528797.8875282
101.25100004673004 1745528799.1673303
101.25100004673004 1745528800.4464016
101.417799949646 1745528801.7265613
101.0842000246048 1745528803.0070271
100.91740000247955 1745528804.2864494
100.91740000247955 1745528805.5662966
100.83399999141693 1745528806.8463948
101.0842000246048 1745528808.1256948
101.0842000246048 1745528809.406642
101.25100004673004 1745528810.6865704
101.25100004673004 1745528811.966115
101.0842000246048 1745528813.2471046
101.25100004673004 1745528814.5266316
101.25100004673004 1745528815.806477
101.25100004673004 1745528817.0864723
101.0842000246048 1745528818.366533
101.0842000246048 1745528819.6460857
100.91740000247955 1745528820.926533
100.58380001783371 1745528822.2065372
100.41699999570847 1745528823.4861848
100.41699999570847 1745528824.76588
100.25020000338554 1745528826.045894
100.58380001783371 1745528827.326281
100.75059998035431 1745528828.6053755
101.25100004673004 1745528829.885606
101.417799949646 1745528831.1659465
101.75139999389648 1745528832.4454687
101.91820001602173 1745528833.7255218
102.08500003814697 1745528835.005619
102.08500003814697 1745528836.2859952
102.25180006027222 1745528837.5655222
102.08500003814697 1745528838.8453221
101.91820001602173 1745528840.1254015
101.75139999389648 1745528841.4047394
101.75139999389648 1745528842.6854293
101.58459997177124 1745528843.9655182
101.417799949646 1745528845.245499
101.417799949646 1745528846.5253043
101.417799949646 1745528847.8045251
101.417799949646 1745528849.0849507
101.0842000246048 1745528850.365124
100.75059998035431 1745528851.6451507
100.58380001783371 1745528852.9249237
100.25020000338554 1745528854.2050169
100.25020000338554 1745528855.4847035
100.41699999570847 1745528856.7645879
100.75059998035431 1745528858.0444107
101.25100004673004 1745528859.325115
101.58459997177124 1745528860.6046221
101.58459997177124 1745528861.8850443
101.58459997177124 1745528863.165284
101.58459997177124 1745528864.4446776
101.91820001602173 1745528865.7247105
102.08500003814697 1745528867.0048745
102.08500003814697 1745528868.284417
102.08500003814697 1745528869.5648472
102.08500003814697 1745528870.8445973
102.25180006027222 1745528872.124696
102.5854001045227 1745528873.4049838
102.41860008239746 1745528874.6847339
101.91820001602173 1745528875.9640195
101.91820001602173 1745528877.2439358
101.75139999389648 1745528878.5239027
101.75139999389648 1745528879.8049572
102.5854001045227 1745528881.0844202
102.5854001045227 1745528882.3643243
102.41860008239746 1745528883.6446507
102.25180006027222 1745528884.9244592
101.91820001602173 1745528886.203708
101.58459997177124 1745528887.4845352
101.58459997177124 1745528888.764695
101.58459997177124 1745528890.0441582
101.75139999389648 1745528891.323849
101.91820001602173 1745528892.6035185
102.25180006027222 1745528893.8839188
102.41860008239746 1745528895.1639678
102.5854001045227 1745528896.4436214
102.41860008239746 1745528897.7237911
102.5854001045227 1745528899.003521
102.25180006027222 1745528900.2836952
102.25180006027222 1745528901.5631044
102.1684000492096 1745528902.8431613
102.08500003814697 1745528904.1231806
102.08500003814697 1745528905.4031126
102.08500003814697 1745528906.683046
102.08500003814697 1745528907.9638162
102.08500003814697 1745528909.2431757
101.75139999389648 1745528910.5231764
102.08500003814697 1745528911.8030524
102.08500003814697 1745528913.0831769
102.08500003814697 1745528914.363081
102.08500003814697 1745528915.6432247
101.75139999389648 1745528916.9230258
101.75139999389648 1745528918.203253
101.58459997177124 1745528919.483443
101.58459997177124 1745528920.7632565
101.91820001602173 1745528922.0429647
101.91820001602173 1745528923.3232977
102.08500003814697 1745528924.6030722
102.08500003814697 1745528925.8832712
102.08500003814697 1745528927.163033
102.08500003814697 1745528928.4421203
102.08500003814697 1745528929.7231078
102.41860008239746 1745528931.0033169
102.41860008239746 1745528932.2834718
102.41860008239746 1745528933.5623176
102.33520007133484 1745528934.8434198
102.41860008239746 1745528936.1231532
102.41860008239746 1745528937.4020483
102.41860008239746 1745528938.683368
102.41860008239746 1745528939.9634142
102.75219988822937 1745528941.2421753
102.75219988822937 1745528942.522097
102.91899991035461 1745528943.802321
102.5854001045227 1745528945.081665
102.41860008239746 1745528946.3618364
101.91820001602173 1745528947.641998
102.08500003814697 1745528948.921503
101.91820001602173 1745528950.2020936
101.91820001602173 1745528951.4818246
101.75139999389648 1745528952.762076
101.58459997177124 1745528954.0416572
101.58459997177124 1745528955.3216422
101.58459997177124 1745528956.6016567
101.75139999389648 1745528957.881208
101.58459997177124 1745528959.1613748
101.417799949646 1745528960.4410887
101.58459997177124 1745528961.7214787
101.417799949646 1745528963.0008702
101.58459997177124 1745528964.2812068
101.417799949646 1745528965.56102
101.25100004673004 1745528966.8406312
101.0842000246048 1745528968.1210887
100.91740000247955 1745528969.4011123
100.91740000247955 1745528970.6806815
100.91740000247955 1745528971.9603467
101.0842000246048 1745528973.2406418
101.25100004673004 1745528974.5206738
101.91820001602173 1745528975.8007333
102.25180006027222 1745528977.080775
102.25180006027222 1745528978.360357
102.25180006027222 1745528979.640242
102.08500003814697 1745528980.9202988
102.08500003814697 1745528982.2011673
101.75139999389648 1745528983.480294
101.75139999389648 1745528984.7596974
101.417799949646 1745528986.0404341
101.58459997177124 1745528987.320155
101.58459997177124 1745528988.5995653
102.08500003814697 1745528989.8799543
101.91820001602173 1745528991.160155
102.25180006027222 1745528992.4402888
102.25180006027222 1745528993.7204607
102.5854001045227 1745528995.00038
102.5854001045227 1745528996.2793176
102.5854001045227 1745528997.5596185
102.41860008239746 1745528998.8396137
102.25180006027222 1745529000.1198575
102.08500003814697 1745529001.3995836
102.08500003814697 1745529002.6793633
101.75139999389648 1745529003.9592204
101.58459997177124 1745529005.2392468
101.58459997177124 1745529006.519376
101.0842000246048 1745529007.7994213
1.5845999717712402 1745529160.504137
1.7513999938964844 1745529161.783691
1.5845999717712402 1745529163.0645325
1.5845999717712402 1745529164.3445761
1.5845999717712402 1745529165.6238585
1.5845999717712402 1745529166.90439
1.5845999717712402 1745529168.1843724
1.417799949645996 1745529169.463658
1.2510000467300415 1745529170.7438443
1.5845999717712402 1745529172.0237212
1.5845999717712402 1745529173.3037663
1.5845999717712402 1745529174.583222
1.7513999938964844 1745529175.8637328
1.9182000160217285 1745529177.1438303
1.5845999717712402 1745529178.4237695
1.2510000467300415 1745529179.7040045
1.2510000467300415 1745529180.983243
1.417799949645996 1745529182.263552
1.417799949645996 1745529183.543347
1.417799949645996 1745529184.8231256
1.5845999717712402 1745529186.1034575
1.5845999717712402 1745529187.3829832
1.9182000160217285 1745529188.6637475
1.7513999938964844 1745529189.9436314
1.5845999717712402 1745529191.223393
1.5845999717712402 1745529192.5030596
1.7513999938964844 1745529193.7833438
1.7513999938964844 1745529195.0633187
1.7513999938964844 1745529196.3424153
1.9182000160217285 1745529197.6227605
1.8348000049591064 1745529198.9026577
2.0850000381469727 1745529200.1830828
2.0850000381469727 1745529201.4625258
2.0850000381469727 1745529202.7435129
